4002 4002 4002 4002 4007 4007 4007 4007 4022 4022 4022 4022 41 46 0 0 0 0 0 0
4003 4003 4003 4003 4008 4008 4008 4008 4023 4023 4023 4023 41 46 0 0 0 0 0 0
4002 4002 4002 4002 4007 4007 4007 4007 4022 4022 4022 4022 41 46 0 0 0 0 0 0
4003 4003 4003 4003 4008 4008 4008 4008 4023 4023 4023 4023 41 46 0 0 0 0 0 0
4012 4012 4012 4012 4017 4017 4017 4017 31 31 31 31 0 0 0 0 0 0 0 0
4013 4013 4013 4013 4018 4018 4018 4018 36 36 36 36 0 0 0 0 0 0 0 0
4012 4012 4012 4012 4017 4017 4017 4017 51 51 51 51 0 0 0 0 0 0 0 0
4013 4013 4013 4013 4018 4018 4018 4018 0 0 0 0 0 0 0 0 0 0 0 0
0 0 0 0 0 0 0 0 0 0 0 0 0 0 0 0 0 0 0 0
0 0 0 0 0 0 0 0 0 0 0 0 0 0 0 0 0 0 0 0
0 0 0 0 0 0 0 0 0 0 0 0 0 0 0 0 0 0 0 0
0 0 0 0 0 0 0 0 0 0 0 0 0 0 0 0 0 0 0 0
0 0 0 0 0 0 0 0 0 0 0 0 0 0 0 0 0 0 0 0
0 0 0 0 0 0 0 0 0 0 0 0 0 0 0 0 0 0 0 0
0 0 0 0 0 0 0 0 0 0 0 0 0 0 0 0 0 0 0 0
0 0 0 0 0 0 0 0 0 0 0 0 0 0 0 0 0 0 0 0
0 0 0 0 0 0 0 0 0 0 0 0 0 0 0 0 0 0 0 0
0 0 0 0 0 0 0 0 0 0 0 0 0 0 0 0 0 0 0 0
0 0 0 0 0 0 0 0 0 0 0 0 0 0 0 0 0 0 0 0
0 0 0 0 0 0 0 0 0 0 0 0 0 0 0 0 0 0 0 0
