Zlaganje
300
1 0 0 291 0 0 1 25
2 0 0 0 0 0 0 296
3 239 260 256 283 212 256 290
4 0 200 0 0 250 0 0
5 5 288 4 235 226 0 252
6 108 122 178 146 211 50 144
7 256 0 0 0 0 0 279
8 3 246 0 299 0 247 0
9 90 0 77 293 0 0 8
10 6 3 7 5 4 7 2
11 249 0 0 289 0 285 221
12 0 23 2 202 22 24 7
13 257 222 266 230 224 238 281
14 85 0 56 290 0 0 7
15 1 296 2 7 7 2 1
16 0 28 0 216 0 26 27
17 224 254 104 221 61 219 217
18 209 234 283 264 230 249 272
19 0 264 30 0 25 22 5
20 0 284 228 26 0 23 218
21 0 0 300 280 0 0 0
22 267 3 3 5 258 4 7
23 5 274 230 214 4 293 8
24 1 201 0 27 0 23 281
25 4 2 7 240 8 278 7
26 227 0 200 0 0 0 0
27 92 52 63 76 97 91 76
28 0 0 0 0 0 296 0
29 0 295 0 0 0 0 0
30 217 251 0 26 0 29 206
31 23 223 20 0 20 2 0
32 0 218 0 0 0 264 0
33 0 0 22 274 0 8 0
34 0 0 0 0 284 0 297
35 40 134 1 9 188 165 133
36 7 8 4 0 26 2 268
37 0 0 0 294 0 0 0
38 0 230 0 255 0 0 0
39 6 3 4 6 2 298 1
40 91 97 0 0 299 0 3
41 29 5 0 0 0 26 1
42 4 5 200 21 0 3 0
43 0 204 23 0 28 25 0
44 0 293 0 0 0 0 0
45 0 27 6 22 0 233 217
46 0 0 0 298 0 0 299
47 80 26 57 186 128 279 138
48 214 6 263 243 21 3 5
49 0 0 0 0 0 0 290
50 292 0 0 0 0 0 0
51 21 2 29 285 26 240 26
52 243 0 23 4 248 235 0
53 7 296 4 1 5 4 1
54 261 7 3 4 8 3 243
55 2 8 5 281 2 7 249
56 8 1 5 229 275 8 1
57 0 264 278 0 219 0 1
58 210 243 220 215 292 293 228
59 205 0 0 284 289 5 4
60 38 3 26 202 75 203 145
61 2 7 221 8 5 8 254
62 7 3 2 8 5 1 1
63 4 7 4 1 7 3 6
64 0 0 27 22 4 27 22
65 4 0 0 23 0 5 8
66 29 215 0 0 238 0 1
67 4 1 3 6 2 6 3
68 2 4 1 7 8 294 3
69 268 273 280 220 272 289 295
70 292 104 70 128 139 6 56
71 2 5 262 0 226 7 0
72 0 0 87 298 0 0 0
73 3 25 7 280 22 241 0
74 281 0 0 0 0 264 0
75 2 1 7 5 4 203 300
76 0 23 209 1 0 20 223
77 2 0 0 0 25 24 243
78 1 0 22 210 290 3 0
79 218 2 27 222 0 265 27
80 20 8 0 26 8 299 282
81 268 258 265 246 6 7 24
82 3 8 6 7 2 1 2
83 8 260 221 86 255 179 264
84 61 0 64 296 0 0 3
85 0 68 0 0 292 0 1
86 27 258 22 281 270 277 0
87 2 6 7 23 6 21 8
88 0 0 7 0 258 205 6
89 8 7 6 7 250 1 222
90 0 7 268 24 2 2 29
91 0 0 203 3 0 4 297
92 300 230 284 200 234 235 241
93 1 224 5 1 230 4 3
94 58 53 50 93 63 72 60
95 2 7 5 7 4 4 6
96 56 90 73 88 67 53 85
97 0 0 224 0 234 2 6
98 0 283 20 202 0 3 0
99 78 90 80 79 88 58 65
100 4 281 2 25 0 2 29
101 7 20 6 22 3 273 0
102 4 208 230 7 2 2 2
103 240 29 8 4 0 0 215
104 0 0 300 0 0 0 0
105 132 30 79 33 231 262 95
106 0 0 0 0 294 0 0
107 4 7 6 1 1 5 297
108 27 6 0 237 0 0 24
109 6 234 8 5 3 4 232
110 8 288 7 2 1 255 3
111 21 0 0 255 0 24 28
112 20 259 5 2 3 0 0
113 0 0 69 297 0 0 21
114 296 0 0 0 0 0 0
115 29 29 243 6 3 8 0
116 30 267 207 218 6 0 29
117 276 283 265 4 0 26 277
118 0 294 27 30 4 0 293
119 61 92 68 66 64 99 77
120 6 4 1 1 8 7 5
121 25 2 30 0 24 300 3
122 0 0 27 2 3 232 25
123 240 25 0 29 207 0 220
124 6 5 7 1 8 8 3
125 270 28 5 235 236 0 0
126 294 4 21 0 27 0 8
127 5 26 226 28 6 0 0
128 7 2 3 6 5 6 2
129 20 202 2 225 287 25 24
130 8 2 236 5 26 8 7
131 0 0 0 298 0 0 0
132 84 58 61 53 98 82 53
133 5 0 5 0 4 3 253
134 0 0 0 4 242 248 239
135 55 60 66 84 89 79 96
136 4 6 8 294 3 4 1
137 0 24 240 1 1 213 0
138 252 230 246 201 227 298 281
139 290 5 8 6 4 2 4
140 30 0 20 2 5 5 7
141 0 0 99 300 0 0 0
142 0 0 254 0 0 204 0
143 6 0 0 1 6 4 261
144 8 1 4 5 8 1 7
145 24 248 220 0 7 0 23
146 22 259 298 0 5 279 0
147 0 0 0 27 8 0 0
148 89 82 87 88 79 73 53
149 0 0 293 0 0 0 0
150 8 4 7 1 3 5 3
151 276 0 26 243 0 0 0
152 21 5 0 239 7 0 0
153 0 84 0 0 295 0 4
154 0 53 0 0 291 0 5
155 75 90 64 95 88 87 97
156 256 1 259 206 0 1 269
157 244 268 219 6 7 226 28
158 106 91 171 201 0 127 60
159 3 3 4 7 8 7 292
160 300 2 3 5 4 5 7
161 0 3 20 26 26 27 20
162 6 22 0 7 231 0 213
163 0 89 0 0 295 0 0
164 234 207 223 268 231 253 246
165 93 78 89 75 59 86 74
166 0 0 0 0 0 275 233
167 3 0 293 28 0 0 257
168 5 6 8 1 8 1 3
169 4 1 2 3 8 8 7
170 21 22 1 1 6 0 2
171 297 6 4 8 3 5 3
172 2 2 2 5 6 5 5
173 8 1 244 5 213 2 6
174 5 3 25 22 1 28 1
175 289 25 0 0 1 0 0
176 59 79 0 0 296 0 6
177 7 266 6 271 7 1 1
178 0 201 0 0 0 0 284
179 252 216 269 271 250 227 240
180 0 30 0 28 2 5 29
181 220 6 25 0 0 7 0
182 7 2 296 1 2 2 6
183 224 210 5 4 4 5 5
184 94 68 82 59 100 94 64
185 0 0 0 0 0 294 0
186 234 260 287 290 263 247 272
187 195 276 62 32 271 113 130
188 7 7 8 8 249 203 4
189 6 30 20 0 1 0 0
190 84 77 97 65 100 94 63
191 207 222 0 0 0 0 0
192 7 3 6 297 1 4 2
193 0 0 78 298 0 0 13
194 0 0 294 0 0 0 0
195 2 1 296 5 2 3 8
196 282 7 233 1 3 6 1
197 0 25 0 3 0 214 6
198 99 0 97 291 0 0 3
199 8 299 3 7 4 8 7
200 3 8 26 229 2 0 3
201 29 0 0 5 8 21 29
202 7 5 5 2 3 6 6
203 25 0 0 0 272 257 25
204 205 200 203 254 278 213 261
205 83 87 0 0 296 0 7
206 0 5 215 20 0 24 3
207 247 283 113 192 180 2 287
208 239 102 186 60 131 31 177
209 261 211 280 237 0 5 5
210 3 0 0 0 28 0 260
211 5 0 0 263 21 292 3
212 4 1 2 6 1 1 1
213 4 0 1 23 212 0 208
214 0 0 0 21 8 235 293
215 7 6 4 7 7 2 294
216 7 2 5 2 3 5 3
217 94 0 72 297 0 0 5
218 0 0 283 0 223 0 0
219 190 39 32 35 265 120 142
220 0 0 0 0 0 0 292
221 76 83 96 65 71 69 82
222 8 3 7 1 6 291 2
223 0 0 26 5 289 25 2
224 221 24 0 0 26 0 290
225 0 0 8 3 0 5 4
226 292 240 277 209 281 268 201
227 271 0 8 216 0 2 28
228 233 235 254 246 257 217 277
229 270 292 203 260 248 208 286
230 51 93 52 73 78 51 91
231 290 0 3 27 6 1 24
232 56 93 78 90 73 94 89
233 289 229 289 287 285 296 295
234 1 24 1 20 21 8 25
235 1 0 261 244 23 27 293
236 19 168 118 153 187 85 165
237 5 8 2 2 5 3 2
238 213 164 138 233 279 271 265
239 3 2 4 1 6 2 7
240 55 82 86 62 59 54 62
241 0 217 222 0 0 0 0
242 5 5 223 262 2 2 3
243 53 287 52 217 45 281 290
244 228 31 236 231 7 244 163
245 4 4 5 6 299 4 5
246 225 0 0 0 230 0 0
247 212 5 8 5 7 296 8
248 8 2 6 7 5 6 6
249 0 0 0 244 0 0 25
250 4 3 1 1 300 4 5
251 0 0 0 258 0 285 0
252 0 0 237 0 246 225 29
253 8 5 1 291 3 5 6
254 0 23 29 7 244 246 5
255 201 9 11 289 162 261 188
256 20 30 0 8 6 3 23
257 0 0 283 0 0 0 297
258 0 6 27 279 0 6 200
259 23 8 273 4 1 23 283
260 27 266 21 59 270 110 40
261 74 81 77 64 70 99 52
262 0 0 58 300 0 0 20
263 96 70 0 0 296 0 1
264 4 7 293 7 5 217 6
265 7 0 7 29 290 227 5
266 0 0 0 0 272 257 0
267 5 5 3 7 300 5 5
268 0 0 0 0 299 0 0
269 53 65 76 84 73 82 71
270 90 51 0 0 293 0 5
271 0 261 0 4 0 0 28
272 241 0 0 217 0 0 0
273 209 229 270 285 226 202 243
274 6 0 3 28 271 7 291
275 0 6 1 0 227 6 273
276 249 289 277 247 285 220 272
277 0 67 0 0 299 0 28
278 270 0 0 2 30 0 28
279 0 291 0 0 0 0 0
280 52 100 55 87 59 72 62
281 234 0 25 7 2 0 221
282 90 64 60 54 50 87 57
283 201 0 0 28 0 25 0
284 0 0 0 241 238 0 0
285 150 83 187 33 181 24 176
286 295 0 0 0 0 0 0
287 271 27 5 236 25 5 286
288 288 254 211 264 258 297 255
289 22 7 0 0 208 7 0
290 0 5 221 0 0 0 5
291 26 0 4 254 0 219 0
292 0 28 0 265 241 28 8
293 1 3 294 3 4 4 1
294 215 7 2 240 1 3 8
295 273 200 202 294 272 207 205
296 29 23 26 2 0 22 0
297 23 204 263 0 23 26 7
298 237 205 201 5 29 25 8
299 259 224 271 211 264 210 206
300 0 0 0 0 0 290 0
