800904
Zlaganje

1
45 45
5004 5004 5004 5005 5009 5009 5009 5010 5024 5024 5024 5025 5034 5034 5034 5035 5044 5044 5044 5045 5054 5054 5054 5055 5064 5064 5064 5065 5074 5074 5074 5075 5084 5084 5084 5085 5094 5094 5094 5095 0 0 0 0 0
5005 5005 5004 5005 5010 5010 5009 5010 5025 5025 5024 5025 5035 5035 5034 5035 5045 5045 5044 5045 5055 5055 5054 5055 5065 5065 5064 5065 5075 5075 5074 5075 5085 5085 5084 5085 5095 5095 5094 5095 0 0 0 0 0
5005 5004 5005 5005 5010 5009 5010 5010 5025 5024 5025 5025 5035 5034 5035 5035 5045 5044 5045 5045 5055 5054 5055 5055 5065 5064 5065 5065 5075 5074 5075 5075 5085 5084 5085 5085 5095 5094 5095 5095 0 0 0 0 0
5005 5004 5004 5004 5010 5009 5009 5009 5025 5024 5024 5024 5035 5034 5034 5034 5045 5044 5044 5044 5055 5054 5054 5054 5065 5064 5064 5064 5075 5074 5074 5074 5085 5084 5084 5084 5095 5094 5094 5094 0 0 0 0 0
5014 5014 5014 5015 5019 5019 5019 5020 5029 5029 5029 5030 5039 5039 5039 5040 5049 5049 5049 5050 5059 5059 5059 5060 5069 5069 5069 5070 5079 5079 5079 5080 5089 5089 5089 5090 5099 5099 5099 5100 0 0 0 0 0
5015 5015 5014 5015 5020 5020 5019 5020 5030 5030 5029 5030 5040 5040 5039 5040 5050 5050 5049 5050 5060 5060 5059 5060 5070 5070 5069 5070 5080 5080 5079 5080 5090 5090 5089 5090 5100 5100 5099 5100 0 0 0 0 0
5015 5014 5015 5015 5020 5019 5020 5020 5030 5029 5030 5030 5040 5039 5040 5040 5050 5049 5050 5050 5060 5059 5060 5060 5070 5069 5070 5070 5080 5079 5080 5080 5090 5089 5090 5090 5100 5099 5100 5100 0 0 0 0 0
5015 5014 5014 5014 5020 5019 5019 5019 5030 5029 5029 5029 5040 5039 5039 5039 5050 5049 5049 5049 5060 5059 5059 5059 5070 5069 5069 5069 5080 5079 5079 5079 5090 5089 5089 5089 5100 5099 5099 5099 0 0 0 0 0
5104 5104 5104 5105 5109 5109 5109 5110 5114 5114 5114 5115 5119 5119 5119 5120 5124 5124 5124 5125 5129 5129 5129 5130 5134 5134 5134 5135 5139 5139 5139 5140 5144 5144 5144 5145 5149 5149 5149 5150 0 0 0 0 0
5105 5105 5104 5105 5110 5110 5109 5110 5115 5115 5114 5115 5120 5120 5119 5120 5125 5125 5124 5125 5130 5130 5129 5130 5135 5135 5134 5135 5140 5140 5139 5140 5145 5145 5144 5145 5150 5150 5149 5150 0 0 0 0 0
5105 5104 5105 5105 5110 5109 5110 5110 5115 5114 5115 5115 5120 5119 5120 5120 5125 5124 5125 5125 5130 5129 5130 5130 5135 5134 5135 5135 5140 5139 5140 5140 5145 5144 5145 5145 5150 5149 5150 5150 0 0 0 0 0
5105 5104 5104 5104 5110 5109 5109 5109 5115 5114 5114 5114 5120 5119 5119 5119 5125 5124 5124 5124 5130 5129 5129 5129 5135 5134 5134 5134 5140 5139 5139 5139 5145 5144 5144 5144 5150 5149 5149 5149 0 0 0 0 0
5154 5154 5154 5155 5159 5159 5159 5160 5164 5164 5164 5165 5169 5169 5169 5170 5174 5174 5174 5175 5179 5179 5179 5180 5184 5184 5184 5185 5189 5189 5189 5190 5194 5194 5194 5195 5199 5199 5199 5200 0 0 0 0 0
5155 5155 5154 5155 5160 5160 5159 5160 5165 5165 5164 5165 5170 5170 5169 5170 5175 5175 5174 5175 5180 5180 5179 5180 5185 5185 5184 5185 5190 5190 5189 5190 5195 5195 5194 5195 5200 5200 5199 5200 0 0 0 0 0
5155 5154 5155 5155 5160 5159 5160 5160 5165 5164 5165 5165 5170 5169 5170 5170 5175 5174 5175 5175 5180 5179 5180 5180 5185 5184 5185 5185 5190 5189 5190 5190 5195 5194 5195 5195 5200 5199 5200 5200 0 0 0 0 0
5155 5154 5154 5154 5160 5159 5159 5159 5165 5164 5164 5164 5170 5169 5169 5169 5175 5174 5174 5174 5180 5179 5179 5179 5185 5184 5184 5184 5190 5189 5189 5189 5195 5194 5194 5194 5200 5199 5199 5199 0 0 0 0 0
5204 5204 5204 5205 5209 5209 5209 5210 5214 5214 5214 5215 5219 5219 5219 5220 5224 5224 5224 5225 5229 5229 5229 5230 5234 5234 5234 5235 5239 5239 5239 5240 5244 5244 5244 5245 5249 5249 5249 5250 0 0 0 0 0
5205 5205 5204 5205 5210 5210 5209 5210 5215 5215 5214 5215 5220 5220 5219 5220 5225 5225 5224 5225 5230 5230 5229 5230 5235 5235 5234 5235 5240 5240 5239 5240 5245 5245 5244 5245 5250 5250 5249 5250 0 0 0 0 0
5205 5204 5205 5205 5210 5209 5210 5210 5215 5214 5215 5215 5220 5219 5220 5220 5225 5224 5225 5225 5230 5229 5230 5230 5235 5234 5235 5235 5240 5239 5240 5240 5245 5244 5245 5245 5250 5249 5250 5250 0 0 0 0 0
5205 5204 5204 5204 5210 5209 5209 5209 5215 5214 5214 5214 5220 5219 5219 5219 5225 5224 5224 5224 5230 5229 5229 5229 5235 5234 5234 5234 5240 5239 5239 5239 5245 5244 5244 5244 5250 5249 5249 5249 0 0 0 0 0
5254 5254 5254 5255 5259 5259 5259 5260 5264 5264 5264 5265 5269 5269 5269 5270 5274 5274 5274 5275 5279 5279 5279 5280 5284 5284 5284 5285 5289 5289 5289 5290 5294 5294 5294 5295 5299 5299 5299 5300 0 0 0 0 0
5255 5255 5254 5255 5260 5260 5259 5260 5265 5265 5264 5265 5270 5270 5269 5270 5275 5275 5274 5275 5280 5280 5279 5280 5285 5285 5284 5285 5290 5290 5289 5290 5295 5295 5294 5295 5300 5300 5299 5300 0 0 0 0 0
5255 5254 5255 5255 5260 5259 5260 5260 5265 5264 5265 5265 5270 5269 5270 5270 5275 5274 5275 5275 5280 5279 5280 5280 5285 5284 5285 5285 5290 5289 5290 5290 5295 5294 5295 5295 5300 5299 5300 5300 0 0 0 0 0
5255 5254 5254 5254 5260 5259 5259 5259 5265 5264 5264 5264 5270 5269 5269 5269 5275 5274 5274 5274 5280 5279 5279 5279 5285 5284 5284 5284 5290 5289 5289 5289 5295 5294 5294 5294 5300 5299 5299 5299 0 0 0 0 0
5304 5304 5304 5305 5309 5309 5309 5310 5314 5314 5314 5315 5319 5319 5319 5320 5324 5324 5324 5325 5329 5329 5329 5330 5334 5334 5334 5335 5339 5339 5339 5340 5344 5344 5344 5345 5349 5349 5349 5350 0 0 0 0 0
5305 5305 5304 5305 5310 5310 5309 5310 5315 5315 5314 5315 5320 5320 5319 5320 5325 5325 5324 5325 5330 5330 5329 5330 5335 5335 5334 5335 5340 5340 5339 5340 5345 5345 5344 5345 5350 5350 5349 5350 0 0 0 0 0
5305 5304 5305 5305 5310 5309 5310 5310 5315 5314 5315 5315 5320 5319 5320 5320 5325 5324 5325 5325 5330 5329 5330 5330 5335 5334 5335 5335 5340 5339 5340 5340 5345 5344 5345 5345 5350 5349 5350 5350 0 0 0 0 0
5305 5304 5304 5304 5310 5309 5309 5309 5315 5314 5314 5314 5320 5319 5319 5319 5325 5324 5324 5324 5330 5329 5329 5329 5335 5334 5334 5334 5340 5339 5339 5339 5345 5344 5344 5344 5350 5349 5349 5349 0 0 0 0 0
5354 5354 5354 5355 8361 8361 8362 8362 8366 8366 8367 8367 8371 8371 8372 8372 8376 8376 8377 8377 8381 8381 8382 8382 387 387 392 392 397 397 402 402 407 407 414 419 419 424 424 424 434 0 0 0 0
5355 5355 5354 5355 8361 8361 8362 8362 8366 8366 8367 8367 8371 8371 8372 8372 8376 8376 8377 8377 8381 8381 8382 8382 387 387 392 392 397 397 402 402 407 407 414 419 429 429 429 424 434 0 0 0 0
5355 5354 5355 5355 8362 8362 8361 8361 8367 8367 8366 8366 8372 8372 8371 8371 8377 8377 8376 8376 8382 8382 8381 8381 439 444 444 450 0 0 0 0 0 414 414 419 0 0 429 434 434 0 0 0 0
5355 5354 5354 5354 8362 8362 8361 8361 8367 8367 8366 8366 8372 8372 8371 8371 8377 8377 8376 8376 8382 8382 8381 8381 439 444 450 450 0 0 0 0 0 0 0 0 0 0 0 0 0 0 0 0 0
0 0 0 0 0 0 0 0 0 0 0 0 0 0 0 0 0 0 0 0 0 0 0 439 439 444 0 450 0 0 0 0 0 0 0 0 0 0 0 0 0 0 0 0 0
0 0 0 0 0 0 0 0 0 0 0 0 0 0 0 0 0 0 0 0 0 0 0 0 0 0 0 0 0 0 0 0 0 0 0 0 0 0 0 0 0 0 0 0 0
0 0 0 0 0 0 0 0 0 0 0 0 0 0 0 0 0 0 0 0 0 0 0 0 0 0 0 0 0 0 0 0 0 0 0 0 0 0 0 0 0 0 0 0 0
0 0 0 0 0 0 0 0 0 0 0 0 0 0 0 0 0 0 0 0 0 0 0 0 0 0 0 0 0 0 0 0 0 0 0 0 0 0 0 0 0 0 0 0 0
0 0 0 0 0 0 0 0 0 0 0 0 0 0 0 0 0 0 0 0 0 0 0 0 0 0 0 0 0 0 0 0 0 0 0 0 0 0 0 0 0 0 0 0 0
0 0 0 0 0 0 0 0 0 0 0 0 0 0 0 0 0 0 0 0 0 0 0 0 0 0 0 0 0 0 0 0 0 0 0 0 0 0 0 0 0 0 0 0 0
0 0 0 0 0 0 0 0 0 0 0 0 0 0 0 0 0 0 0 0 0 0 0 0 0 0 0 0 0 0 0 0 0 0 0 0 0 0 0 0 0 0 0 0 0
0 0 0 0 0 0 0 0 0 0 0 0 0 0 0 0 0 0 0 0 0 0 0 0 0 0 0 0 0 0 0 0 0 0 0 0 0 0 0 0 0 0 0 0 0
0 0 0 0 0 0 0 0 0 0 0 0 0 0 0 0 0 0 0 0 0 0 0 0 0 0 0 0 0 0 0 0 0 0 0 0 0 0 0 0 0 0 0 0 0
0 0 0 0 0 0 0 0 0 0 0 0 0 0 0 0 0 0 0 0 0 0 0 0 0 0 0 0 0 0 0 0 0 0 0 0 0 0 0 0 0 0 0 0 0
0 0 0 0 0 0 0 0 0 0 0 0 0 0 0 0 0 0 0 0 0 0 0 0 0 0 0 0 0 0 0 0 0 0 0 0 0 0 0 0 0 0 0 0 0
0 0 0 0 0 0 0 0 0 0 0 0 0 0 0 0 0 0 0 0 0 0 0 0 0 0 0 0 0 0 0 0 0 0 0 0 0 0 0 0 0 0 0 0 0
0 0 0 0 0 0 0 0 0 0 0 0 0 0 0 0 0 0 0 0 0 0 0 0 0 0 0 0 0 0 0 0 0 0 0 0 0 0 0 0 0 0 0 0 0
