800904
Zlaganje

128
21 21
6 6 6 6 21 26 31 36 53 58 58 58 80 80 80 95 0 0 0 0 0
11 11 11 11 21 26 31 36 53 58 64 69 69 80 95 95 0 0 0 0 0
16 16 16 16 21 26 31 36 53 53 64 69 100 100 100 95 0 0 0 0 0
47 47 42 42 21 26 31 36 74 64 64 69 105 100 121 121 0 0 0 0 0
47 47 42 42 85 85 85 90 74 74 74 105 105 105 126 121 121 0 0 0 0
147 116 116 111 111 85 90 90 90 136 0 152 152 126 126 131 0 0 0 0 0
147 147 116 116 111 111 142 142 136 136 152 152 157 126 131 131 0 0 0 0 0
0 147 162 162 0 142 142 0 136 0 0 0 157 157 131 0 0 0 0 0 0
0 162 162 0 0 0 0 0 0 0 0 0 0 157 0 0 0 0 0 0 0
0 0 0 0 0 0 0 0 0 0 0 0 0 0 0 0 0 0 0 0 0
0 0 0 0 0 0 0 0 0 0 0 0 0 0 0 0 0 0 0 0 0
0 0 0 0 0 0 0 0 0 0 0 0 0 0 0 0 0 0 0 0 0
0 0 0 0 0 0 0 0 0 0 0 0 0 0 0 0 0 0 0 0 0
0 0 0 0 0 0 0 0 0 0 0 0 0 0 0 0 0 0 0 0 0
0 0 0 0 0 0 0 0 0 0 0 0 0 0 0 0 0 0 0 0 0
0 0 0 0 0 0 0 0 0 0 0 0 0 0 0 0 0 0 0 0 0
0 0 0 0 0 0 0 0 0 0 0 0 0 0 0 0 0 0 0 0 0
0 0 0 0 0 0 0 0 0 0 0 0 0 0 0 0 0 0 0 0 0
0 0 0 0 0 0 0 0 0 0 0 0 0 0 0 0 0 0 0 0 0
0 0 0 0 0 0 0 0 0 0 0 0 0 0 0 0 0 0 0 0 0
0 0 0 0 0 0 0 0 0 0 0 0 0 0 0 0 0 0 0 0 0
