800904
Zlaganje

141
49 49
5004 5004 5004 5005 5009 5009 5009 5010 5024 5024 5024 5025 5034 5034 5034 5035 5044 5044 5044 5045 5054 5054 5054 5055 5064 5064 5064 5065 5074 5074 5074 5075 5084 5084 5084 5085 5094 5094 5094 5095 5104 5104 5104 5105 0 0 0 0 0
5005 5005 5004 5005 5010 5010 5009 5010 5025 5025 5024 5025 5035 5035 5034 5035 5045 5045 5044 5045 5055 5055 5054 5055 5065 5065 5064 5065 5075 5075 5074 5075 5085 5085 5084 5085 5095 5095 5094 5095 5105 5105 5104 5105 0 0 0 0 0
5005 5004 5005 5005 5010 5009 5010 5010 5025 5024 5025 5025 5035 5034 5035 5035 5045 5044 5045 5045 5055 5054 5055 5055 5065 5064 5065 5065 5075 5074 5075 5075 5085 5084 5085 5085 5095 5094 5095 5095 5105 5104 5105 5105 0 0 0 0 0
5005 5004 5004 5004 5010 5009 5009 5009 5025 5024 5024 5024 5035 5034 5034 5034 5045 5044 5044 5044 5055 5054 5054 5054 5065 5064 5064 5064 5075 5074 5074 5074 5085 5084 5084 5084 5095 5094 5094 5094 5105 5104 5104 5104 0 0 0 0 0
5014 5014 5014 5015 5019 5019 5019 5020 5029 5029 5029 5030 5039 5039 5039 5040 5049 5049 5049 5050 5059 5059 5059 5060 5069 5069 5069 5070 5079 5079 5079 5080 5089 5089 5089 5090 5099 5099 5099 5100 5109 5109 5109 5110 0 0 0 0 0
5015 5015 5014 5015 5020 5020 5019 5020 5030 5030 5029 5030 5040 5040 5039 5040 5050 5050 5049 5050 5060 5060 5059 5060 5070 5070 5069 5070 5080 5080 5079 5080 5090 5090 5089 5090 5100 5100 5099 5100 5110 5110 5109 5110 0 0 0 0 0
5015 5014 5015 5015 5020 5019 5020 5020 5030 5029 5030 5030 5040 5039 5040 5040 5050 5049 5050 5050 5060 5059 5060 5060 5070 5069 5070 5070 5080 5079 5080 5080 5090 5089 5090 5090 5100 5099 5100 5100 5110 5109 5110 5110 0 0 0 0 0
5015 5014 5014 5014 5020 5019 5019 5019 5030 5029 5029 5029 5040 5039 5039 5039 5050 5049 5049 5049 5060 5059 5059 5059 5070 5069 5069 5069 5080 5079 5079 5079 5090 5089 5089 5089 5100 5099 5099 5099 5110 5109 5109 5109 0 0 0 0 0
5114 5114 5114 5115 124 124 134 134 144 144 154 154 161 166 166 171 171 176 176 181 181 186 186 191 191 196 196 201 201 206 206 211 211 216 216 221 221 226 226 231 231 236 236 256 256 0 0 0 0
5115 5115 5114 5115 124 129 134 139 144 149 154 161 161 241 166 166 171 171 176 176 181 181 186 186 191 191 196 196 201 201 206 206 211 211 216 216 221 221 226 226 231 231 236 236 256 256 0 0 0
5115 5114 5115 5115 124 129 134 139 144 149 154 161 241 241 251 286 286 291 291 296 296 301 301 306 306 311 311 316 316 321 321 326 326 331 331 336 336 341 341 346 346 351 351 356 356 0 0 0 0
5115 5114 5114 5114 129 129 139 139 149 149 246 246 241 251 251 361 286 286 291 291 296 296 301 301 306 306 311 311 316 316 321 321 326 326 331 331 336 336 341 341 346 346 351 351 356 356 0 0 0
0 281 281 276 276 271 271 266 266 261 261 246 246 251 361 361 371 416 416 421 421 426 426 431 431 436 436 441 441 446 446 451 451 456 456 461 461 466 466 471 471 476 476 481 481 0 0 0 0
401 401 281 281 276 276 271 271 266 266 261 261 366 366 361 371 371 486 416 416 421 421 426 426 431 431 436 436 441 441 446 446 451 451 456 456 461 461 466 466 471 471 476 476 481 481 0 0 0
0 401 401 396 396 391 391 386 386 381 381 376 376 366 366 371 486 486 496 541 541 546 546 551 551 556 556 561 561 566 566 571 571 576 576 581 581 586 586 591 591 596 596 601 601 0 0 0 0
411 411 406 406 396 396 391 391 386 386 381 381 376 376 491 491 486 496 496 606 541 541 546 546 551 551 556 556 561 561 566 566 571 571 576 576 581 581 586 586 591 591 596 596 601 601 0 0 0
0 411 411 406 406 521 521 516 516 511 511 506 506 501 501 491 491 496 606 606 616 666 666 671 671 676 676 681 681 686 686 691 691 696 696 701 701 706 706 711 711 716 716 721 721 0 0 0 0
536 536 531 531 526 526 521 521 516 516 511 511 506 506 501 501 611 611 606 616 616 726 666 666 671 671 676 676 681 681 686 686 691 691 696 696 701 701 706 706 711 711 716 716 721 721 0 0 0
0 536 536 531 531 526 526 641 641 636 636 631 631 626 626 621 621 611 611 616 726 726 736 791 791 796 796 801 801 806 806 811 811 816 816 821 821 826 826 831 831 836 836 841 841 0 0 0 0
661 661 656 656 651 651 646 646 641 641 636 636 631 631 626 626 621 621 731 731 726 736 736 846 791 791 796 796 801 801 806 806 811 811 816 816 821 821 826 826 831 831 836 836 841 841 0 0 0
0 661 661 656 656 651 651 646 646 761 761 756 756 751 751 746 746 741 741 731 731 736 846 846 856 916 916 921 921 926 926 931 931 936 936 941 941 946 946 951 951 956 956 961 961 0 0 0 0
786 786 781 781 776 776 771 771 766 766 761 761 756 756 751 751 746 746 741 741 851 851 846 856 856 966 916 916 921 921 926 926 931 931 936 936 941 941 946 946 951 951 956 956 961 961 0 0 0
0 786 786 781 781 776 776 771 771 766 766 881 881 876 876 871 871 866 866 861 861 851 851 856 966 966 976 1041 1041 1046 1046 1051 1051 1056 1056 1061 1061 1066 1066 1071 1071 1076 1076 1081 1081 0 0 0 0
911 911 906 906 901 901 896 896 891 891 886 886 881 881 876 876 871 871 866 866 861 861 971 971 966 976 976 1086 1041 1041 1046 1046 1051 1051 1056 1056 1061 1061 1066 1066 1071 1071 1076 1076 1081 1081 0 0 0
0 911 911 906 906 901 901 896 896 891 891 886 886 1001 1001 996 996 991 991 986 986 981 981 971 971 976 1086 1086 1096 1166 1166 1171 1171 1176 1176 1181 1181 1186 1186 1191 1191 1196 1196 1201 1201 0 0 0 0
1036 1036 1031 1031 1026 1026 1021 1021 1016 1016 1011 1011 1006 1006 1001 1001 996 996 991 991 986 986 981 981 1091 1091 1086 1096 1096 1206 1166 1166 1171 1171 1176 1176 1181 1181 1186 1186 1191 1191 1196 1196 1201 1201 0 0 0
0 1036 1036 1031 1031 1026 1026 1021 1021 1016 1016 1011 1011 1006 1006 1121 1121 1116 1116 1111 1111 1106 1106 1101 1101 1091 1091 1096 1206 1206 1216 1291 1291 1296 1296 1301 1301 1306 1306 1311 1311 1316 1316 1321 1321 0 0 0 0
1161 1161 1156 1156 1151 1151 1146 1146 1141 1141 1136 1136 1131 1131 1126 1126 1121 1121 1116 1116 1111 1111 1106 1106 1101 1101 1211 1211 1206 1216 1216 1326 1291 1291 1296 1296 1301 1301 1306 1306 1311 1311 1316 1316 1321 1321 0 0 0
0 1161 1161 1156 1156 1151 1151 1146 1146 1141 1141 1136 1136 1131 1131 1126 1126 1241 1241 1236 1236 1231 1231 1226 1226 1221 1221 1211 1211 1216 1326 1326 1336 1416 1416 1421 1421 1426 1426 1431 1431 1436 1436 1441 1441 0 0 0 0
1286 1286 1281 1281 1276 1276 1271 1271 1266 1266 1261 1261 1256 1256 1251 1251 1246 1246 1241 1241 1236 1236 1231 1231 1226 1226 1221 1221 1331 1331 1326 1336 1336 1446 1416 1416 1421 1421 1426 1426 1431 1431 1436 1436 1441 1441 0 0 0
0 1286 1286 1281 1281 1276 1276 1271 1271 1266 1266 1261 1261 1256 1256 1251 1251 1246 1246 1361 1361 1356 1356 1351 1351 1346 1346 1341 1341 1331 1331 1336 1446 1446 1456 1541 1541 1546 1546 1551 1551 1556 1556 1561 1561 0 0 0 0
1411 1411 1406 1406 1401 1401 1396 1396 1391 1391 1386 1386 1381 1381 1376 1376 1371 1371 1366 1366 1361 1361 1356 1356 1351 1351 1346 1346 1341 1341 1451 1451 1446 1456 1456 1566 1541 1541 1546 1546 1551 1551 1556 1556 1561 1561 0 0 0
0 1411 1411 1406 1406 1401 1401 1396 1396 1391 1391 1386 1386 1381 1381 1376 1376 1371 1371 1366 1366 1481 1481 1476 1476 1471 1471 1466 1466 1461 1461 1451 1451 1456 1566 1566 1576 0 0 0 0 0 0 0 0 0 0 0 0
1536 1536 1531 1531 1526 1526 1521 1521 1516 1516 1511 1511 1506 1506 1501 1501 1496 1496 1491 1491 1486 1486 1481 1481 1476 1476 1471 1471 1466 1466 1461 1461 1571 1571 1566 1576 1576 0 0 0 0 0 0 0 0 0 0 0 0
0 1536 1536 1531 1531 1526 1526 1521 1521 1516 1516 1511 1511 1506 1506 1501 1501 1496 1496 1491 1491 1486 1486 1601 1601 1596 1596 1591 1591 1586 1586 1581 1581 1571 1571 1576 0 0 0 0 0 0 0 0 0 0 0 0 0
0 0 1656 1656 1651 1651 1646 1646 1641 1641 1636 1636 1631 1631 1626 1626 1621 1621 1616 1616 1611 1611 1606 1606 1601 1601 1596 1596 1591 1591 1586 1586 1581 1581 0 0 0 0 0 0 0 0 0 0 0 0 0 0 0
0 0 0 1656 1656 1651 1651 1646 1646 1641 1641 1636 1636 1631 1631 1626 1626 1621 1621 1616 1616 1611 1611 1606 1606 0 0 0 0 0 0 0 0 0 0 0 0 0 0 0 0 0 0 0 0 0 0 0 0
0 0 0 0 0 0 0 0 0 0 0 0 0 0 0 0 0 0 0 0 0 0 0 0 0 0 0 0 0 0 0 0 0 0 0 0 0 0 0 0 0 0 0 0 0 0 0 0 0
0 0 0 0 0 0 0 0 0 0 0 0 0 0 0 0 0 0 0 0 0 0 0 0 0 0 0 0 0 0 0 0 0 0 0 0 0 0 0 0 0 0 0 0 0 0 0 0 0
0 0 0 0 0 0 0 0 0 0 0 0 0 0 0 0 0 0 0 0 0 0 0 0 0 0 0 0 0 0 0 0 0 0 0 0 0 0 0 0 0 0 0 0 0 0 0 0 0
0 0 0 0 0 0 0 0 0 0 0 0 0 0 0 0 0 0 0 0 0 0 0 0 0 0 0 0 0 0 0 0 0 0 0 0 0 0 0 0 0 0 0 0 0 0 0 0 0
0 0 0 0 0 0 0 0 0 0 0 0 0 0 0 0 0 0 0 0 0 0 0 0 0 0 0 0 0 0 0 0 0 0 0 0 0 0 0 0 0 0 0 0 0 0 0 0 0
0 0 0 0 0 0 0 0 0 0 0 0 0 0 0 0 0 0 0 0 0 0 0 0 0 0 0 0 0 0 0 0 0 0 0 0 0 0 0 0 0 0 0 0 0 0 0 0 0
0 0 0 0 0 0 0 0 0 0 0 0 0 0 0 0 0 0 0 0 0 0 0 0 0 0 0 0 0 0 0 0 0 0 0 0 0 0 0 0 0 0 0 0 0 0 0 0 0
0 0 0 0 0 0 0 0 0 0 0 0 0 0 0 0 0 0 0 0 0 0 0 0 0 0 0 0 0 0 0 0 0 0 0 0 0 0 0 0 0 0 0 0 0 0 0 0 0
0 0 0 0 0 0 0 0 0 0 0 0 0 0 0 0 0 0 0 0 0 0 0 0 0 0 0 0 0 0 0 0 0 0 0 0 0 0 0 0 0 0 0 0 0 0 0 0 0
0 0 0 0 0 0 0 0 0 0 0 0 0 0 0 0 0 0 0 0 0 0 0 0 0 0 0 0 0 0 0 0 0 0 0 0 0 0 0 0 0 0 0 0 0 0 0 0 0
0 0 0 0 0 0 0 0 0 0 0 0 0 0 0 0 0 0 0 0 0 0 0 0 0 0 0 0 0 0 0 0 0 0 0 0 0 0 0 0 0 0 0 0 0 0 0 0 0
0 0 0 0 0 0 0 0 0 0 0 0 0 0 0 0 0 0 0 0 0 0 0 0 0 0 0 0 0 0 0 0 0 0 0 0 0 0 0 0 0 0 0 0 0 0 0 0 0
