800904
Zlaganje

142
52 52
5004 5004 5004 5005 5009 5009 5009 5010 5024 5024 5024 5025 5034 5034 5034 5035 5044 5044 5044 5045 5054 5054 5054 5055 5064 5064 5064 5065 5074 5074 5074 5075 5084 5084 5084 5085 5094 5094 5094 5095 5104 5104 5104 5105 5114 5114 5114 5115 0 0 0 0
5005 5005 5004 5005 5010 5010 5009 5010 5025 5025 5024 5025 5035 5035 5034 5035 5045 5045 5044 5045 5055 5055 5054 5055 5065 5065 5064 5065 5075 5075 5074 5075 5085 5085 5084 5085 5095 5095 5094 5095 5105 5105 5104 5105 5115 5115 5114 5115 0 0 0 0
5005 5004 5005 5005 5010 5009 5010 5010 5025 5024 5025 5025 5035 5034 5035 5035 5045 5044 5045 5045 5055 5054 5055 5055 5065 5064 5065 5065 5075 5074 5075 5075 5085 5084 5085 5085 5095 5094 5095 5095 5105 5104 5105 5105 5115 5114 5115 5115 0 0 0 0
5005 5004 5004 5004 5010 5009 5009 5009 5025 5024 5024 5024 5035 5034 5034 5034 5045 5044 5044 5044 5055 5054 5054 5054 5065 5064 5064 5064 5075 5074 5074 5074 5085 5084 5084 5084 5095 5094 5094 5094 5105 5104 5104 5104 5115 5114 5114 5114 0 0 0 0
5014 5014 5014 5015 5019 5019 5019 5020 5029 5029 5029 5030 5039 5039 5039 5040 5049 5049 5049 5050 5059 5059 5059 5060 5069 5069 5069 5070 5079 5079 5079 5080 5089 5089 5089 5090 5099 5099 5099 5100 5109 5109 5109 5110 5119 5119 5119 5120 0 0 0 0
5015 5015 5014 5015 5020 5020 5019 5020 5030 5030 5029 5030 5040 5040 5039 5040 5050 5050 5049 5050 5060 5060 5059 5060 5070 5070 5069 5070 5080 5080 5079 5080 5090 5090 5089 5090 5100 5100 5099 5100 5110 5110 5109 5110 5120 5120 5119 5120 0 0 0 0
5015 5014 5015 5015 5020 5019 5020 5020 5030 5029 5030 5030 5040 5039 5040 5040 5050 5049 5050 5050 5060 5059 5060 5060 5070 5069 5070 5070 5080 5079 5080 5080 5090 5089 5090 5090 5100 5099 5100 5100 5110 5109 5110 5110 5120 5119 5120 5120 0 0 0 0
5015 5014 5014 5014 5020 5019 5019 5019 5030 5029 5029 5029 5040 5039 5039 5039 5050 5049 5049 5049 5060 5059 5059 5059 5070 5069 5069 5069 5080 5079 5079 5079 5090 5089 5089 5089 5100 5099 5099 5099 5110 5109 5109 5109 5120 5119 5119 5119 0 0 0 0
5124 5124 5124 5125 5129 5129 5129 5130 5134 5134 5134 5135 5139 5139 5139 5140 5144 5144 5144 5145 5149 5149 5149 5150 5154 5154 5154 5155 5159 5159 5159 5160 5164 5164 5164 5165 5169 5169 5169 5170 5174 5174 5174 5175 5179 5179 5179 5180 0 0 0 0
5125 5125 5124 5125 5130 5130 5129 5130 5135 5135 5134 5135 5140 5140 5139 5140 5145 5145 5144 5145 5150 5150 5149 5150 5155 5155 5154 5155 5160 5160 5159 5160 5165 5165 5164 5165 5170 5170 5169 5170 5175 5175 5174 5175 5180 5180 5179 5180 0 0 0 0
5125 5124 5125 5125 5130 5129 5130 5130 5135 5134 5135 5135 5140 5139 5140 5140 5145 5144 5145 5145 5150 5149 5150 5150 5155 5154 5155 5155 5160 5159 5160 5160 5165 5164 5165 5165 5170 5169 5170 5170 5175 5174 5175 5175 5180 5179 5180 5180 0 0 0 0
5125 5124 5124 5124 5130 5129 5129 5129 5135 5134 5134 5134 5140 5139 5139 5139 5145 5144 5144 5144 5150 5149 5149 5149 5155 5154 5154 5154 5160 5159 5159 5159 5165 5164 5164 5164 5170 5169 5169 5169 5175 5174 5174 5174 5180 5179 5179 5179 0 0 0 0
5184 5184 5184 5185 5189 5189 5189 5190 5194 5194 5194 5195 5199 5199 5199 5200 5204 5204 5204 5205 5209 5209 5209 5210 5214 5214 5214 5215 5219 5219 5219 5220 5224 5224 5224 5225 5229 5229 5229 5230 5234 5234 5234 5235 5239 5239 5239 5240 0 0 0 0
5185 5185 5184 5185 5190 5190 5189 5190 5195 5195 5194 5195 5200 5200 5199 5200 5205 5205 5204 5205 5210 5210 5209 5210 5215 5215 5214 5215 5220 5220 5219 5220 5225 5225 5224 5225 5230 5230 5229 5230 5235 5235 5234 5235 5240 5240 5239 5240 0 0 0 0
5185 5184 5185 5185 5190 5189 5190 5190 5195 5194 5195 5195 5200 5199 5200 5200 5205 5204 5205 5205 5210 5209 5210 5210 5215 5214 5215 5215 5220 5219 5220 5220 5225 5224 5225 5225 5230 5229 5230 5230 5235 5234 5235 5235 5240 5239 5240 5240 0 0 0 0
5185 5184 5184 5184 5190 5189 5189 5189 5195 5194 5194 5194 5200 5199 5199 5199 5205 5204 5204 5204 5210 5209 5209 5209 5215 5214 5214 5214 5220 5219 5219 5219 5225 5224 5224 5224 5230 5229 5229 5229 5235 5234 5234 5234 5240 5239 5239 5239 0 0 0 0
5244 5244 5244 5245 5249 5249 5249 5250 5254 5254 5254 5255 5259 5259 5259 5260 5264 5264 5264 5265 5269 5269 5269 5270 5274 5274 5274 5275 5279 5279 5279 5280 5284 5284 5284 5285 5289 5289 5289 5290 5294 5294 5294 5295 5299 5299 5299 5300 0 0 0 0
5245 5245 5244 5245 5250 5250 5249 5250 5255 5255 5254 5255 5260 5260 5259 5260 5265 5265 5264 5265 5270 5270 5269 5270 5275 5275 5274 5275 5280 5280 5279 5280 5285 5285 5284 5285 5290 5290 5289 5290 5295 5295 5294 5295 5300 5300 5299 5300 0 0 0 0
5245 5244 5245 5245 5250 5249 5250 5250 5255 5254 5255 5255 5260 5259 5260 5260 5265 5264 5265 5265 5270 5269 5270 5270 5275 5274 5275 5275 5280 5279 5280 5280 5285 5284 5285 5285 5290 5289 5290 5290 5295 5294 5295 5295 5300 5299 5300 5300 0 0 0 0
5245 5244 5244 5244 5250 5249 5249 5249 5255 5254 5254 5254 5260 5259 5259 5259 5265 5264 5264 5264 5270 5269 5269 5269 5275 5274 5274 5274 5280 5279 5279 5279 5285 5284 5284 5284 5290 5289 5289 5289 5295 5294 5294 5294 5300 5299 5299 5299 0 0 0 0
5304 5304 5304 5305 5309 5309 5309 5310 7315 7315 7315 7316 7320 7320 7320 7321 7325 7325 7325 7326 7330 7330 7330 7331 7335 7335 7335 7336 7340 7340 7340 7341 7345 7345 7345 7346 7350 7350 7350 7351 7355 7355 7355 7356 7360 7360 7360 7361 0 0 0 0
5305 5305 5304 5305 5310 5310 5309 5310 7316 7315 7316 7316 7321 7320 7321 7321 7326 7325 7326 7326 7331 7330 7331 7331 7336 7335 7336 7336 7341 7340 7341 7341 7346 7345 7346 7346 7351 7350 7351 7351 7356 7355 7356 7356 7361 7360 7361 7361 0 0 0 0
5305 5304 5305 5305 5310 5309 5310 5310 7316 7316 7315 7316 7321 7321 7320 7321 7326 7326 7325 7326 7331 7331 7330 7331 7336 7336 7335 7336 7341 7341 7340 7341 7346 7346 7345 7346 7351 7351 7350 7351 7356 7356 7355 7356 7361 7361 7360 7361 0 0 0 0
5305 5304 5304 5304 5310 5309 5309 5309 7316 7315 7315 7315 7321 7320 7320 7320 7326 7325 7325 7325 7331 7330 7330 7330 7336 7335 7335 7335 7341 7340 7340 7340 7346 7345 7345 7345 7351 7350 7350 7350 7356 7355 7355 7355 7361 7360 7360 7360 0 0 0 0
7365 7365 7365 7366 7370 7370 7370 7371 7375 7375 7375 7376 7380 7380 7380 7381 7385 7385 7385 7386 7390 7390 7390 7391 7395 7395 7395 7396 7400 7400 7400 7401 7405 7405 7405 7406 7410 7410 7410 7411 7415 7415 7415 7416 7420 7420 7420 7421 0 0 0 0
7366 7365 7366 7366 7371 7370 7371 7371 7376 7375 7376 7376 7381 7380 7381 7381 7386 7385 7386 7386 7391 7390 7391 7391 7396 7395 7396 7396 7401 7400 7401 7401 7406 7405 7406 7406 7411 7410 7411 7411 7416 7415 7416 7416 7421 7420 7421 7421 0 0 0 0
7366 7366 7365 7366 7371 7371 7370 7371 7376 7376 7375 7376 7381 7381 7380 7381 7386 7386 7385 7386 7391 7391 7390 7391 7396 7396 7395 7396 7401 7401 7400 7401 7406 7406 7405 7406 7411 7411 7410 7411 7416 7416 7415 7416 7421 7421 7420 7421 0 0 0 0
7366 7365 7365 7365 7371 7370 7370 7370 7376 7375 7375 7375 7381 7380 7380 7380 7386 7385 7385 7385 7391 7390 7390 7390 7396 7395 7395 7395 7401 7400 7400 7400 7406 7405 7405 7405 7411 7410 7410 7410 7416 7415 7415 7415 7421 7420 7420 7420 0 0 0 0
7425 7425 7425 7426 7430 7430 7430 7431 7435 7435 7435 7436 7440 7440 7440 7441 7445 7445 7445 7446 7450 7450 7450 7451 7455 7455 7455 7456 7460 7460 7460 7461 7465 7465 7465 7466 7470 7470 7470 7471 7475 7475 7475 7476 7480 7480 7480 7481 0 0 0 0
7426 7425 7426 7426 7431 7430 7431 7431 7436 7435 7436 7436 7441 7440 7441 7441 7446 7445 7446 7446 7451 7450 7451 7451 7456 7455 7456 7456 7461 7460 7461 7461 7466 7465 7466 7466 7471 7470 7471 7471 7476 7475 7476 7476 7481 7480 7481 7481 0 0 0 0
7426 7426 7425 7426 7431 7431 7430 7431 7436 7436 7435 7436 7441 7441 7440 7441 7446 7446 7445 7446 7451 7451 7450 7451 7456 7456 7455 7456 7461 7461 7460 7461 7466 7466 7465 7466 7471 7471 7470 7471 7476 7476 7475 7476 7481 7481 7480 7481 0 0 0 0
7426 7425 7425 7425 7431 7430 7430 7430 7436 7435 7435 7435 7441 7440 7440 7440 7446 7445 7445 7445 7451 7450 7450 7450 7456 7455 7455 7455 7461 7460 7460 7460 7466 7465 7465 7465 7471 7470 7470 7470 7476 7475 7475 7475 7481 7480 7480 7480 0 0 0 0
7485 7485 7485 7486 7490 7490 7490 7491 7495 7495 7495 7496 7500 7500 7500 7501 7505 7505 7505 7506 7510 7510 7510 7511 7515 7515 7515 7516 7520 7520 7520 7521 7525 7525 7525 7526 7530 7530 7530 7531 7535 7535 7535 7536 7540 7540 7540 7541 0 0 0 0
7486 7485 7486 7486 7491 7490 7491 7491 7496 7495 7496 7496 7501 7500 7501 7501 7506 7505 7506 7506 7511 7510 7511 7511 7516 7515 7516 7516 7521 7520 7521 7521 7526 7525 7526 7526 7531 7530 7531 7531 7536 7535 7536 7536 7541 7540 7541 7541 0 0 0 0
7486 7486 7485 7486 7491 7491 7490 7491 7496 7496 7495 7496 7501 7501 7500 7501 7506 7506 7505 7506 7511 7511 7510 7511 7516 7516 7515 7516 7521 7521 7520 7521 7526 7526 7525 7526 7531 7531 7530 7531 7536 7536 7535 7536 7541 7541 7540 7541 0 0 0 0
7486 7485 7485 7485 7491 7490 7490 7490 7496 7495 7495 7495 7501 7500 7500 7500 7506 7505 7505 7505 7511 7510 7510 7510 7516 7515 7515 7515 7521 7520 7520 7520 7526 7525 7525 7525 7531 7530 7530 7530 7536 7535 7535 7535 7541 7540 7540 7540 0 0 0 0
7545 7545 7545 7546 7550 7550 7550 7551 7555 7555 7555 7556 7560 7560 7560 7561 569 569 579 579 589 589 600 605 605 605 610 0 0 0 0 0 0 0 0 0 0 0 0 0 0 0 0 0 0 0 0 0 0 0 0 0
7546 7545 7546 7546 7551 7550 7551 7551 7556 7555 7556 7556 7561 7560 7561 7561 569 574 579 584 589 594 600 600 605 610 610 0 0 0 0 0 0 0 0 0 0 0 0 0 0 0 0 0 0 0 0 0 0 0 0 0
7546 7546 7545 7546 7551 7551 7550 7551 7556 7556 7555 7556 7561 7561 7560 7561 569 574 579 584 589 594 600 615 615 615 610 0 0 0 0 0 0 0 0 0 0 0 0 0 0 0 0 0 0 0 0 0 0 0 0 0
7546 7545 7545 7545 7551 7550 7550 7550 7556 7555 7555 7555 7561 7560 7560 7560 574 574 584 584 594 594 0 0 615 0 0 0 0 0 0 0 0 0 0 0 0 0 0 0 0 0 0 0 0 0 0 0 0 0 0 0
0 0 0 0 0 0 0 0 0 0 0 0 0 0 0 0 0 0 0 0 0 0 0 0 0 0 0 0 0 0 0 0 0 0 0 0 0 0 0 0 0 0 0 0 0 0 0 0 0 0 0 0
0 0 0 0 0 0 0 0 0 0 0 0 0 0 0 0 0 0 0 0 0 0 0 0 0 0 0 0 0 0 0 0 0 0 0 0 0 0 0 0 0 0 0 0 0 0 0 0 0 0 0 0
0 0 0 0 0 0 0 0 0 0 0 0 0 0 0 0 0 0 0 0 0 0 0 0 0 0 0 0 0 0 0 0 0 0 0 0 0 0 0 0 0 0 0 0 0 0 0 0 0 0 0 0
0 0 0 0 0 0 0 0 0 0 0 0 0 0 0 0 0 0 0 0 0 0 0 0 0 0 0 0 0 0 0 0 0 0 0 0 0 0 0 0 0 0 0 0 0 0 0 0 0 0 0 0
0 0 0 0 0 0 0 0 0 0 0 0 0 0 0 0 0 0 0 0 0 0 0 0 0 0 0 0 0 0 0 0 0 0 0 0 0 0 0 0 0 0 0 0 0 0 0 0 0 0 0 0
0 0 0 0 0 0 0 0 0 0 0 0 0 0 0 0 0 0 0 0 0 0 0 0 0 0 0 0 0 0 0 0 0 0 0 0 0 0 0 0 0 0 0 0 0 0 0 0 0 0 0 0
0 0 0 0 0 0 0 0 0 0 0 0 0 0 0 0 0 0 0 0 0 0 0 0 0 0 0 0 0 0 0 0 0 0 0 0 0 0 0 0 0 0 0 0 0 0 0 0 0 0 0 0
0 0 0 0 0 0 0 0 0 0 0 0 0 0 0 0 0 0 0 0 0 0 0 0 0 0 0 0 0 0 0 0 0 0 0 0 0 0 0 0 0 0 0 0 0 0 0 0 0 0 0 0
0 0 0 0 0 0 0 0 0 0 0 0 0 0 0 0 0 0 0 0 0 0 0 0 0 0 0 0 0 0 0 0 0 0 0 0 0 0 0 0 0 0 0 0 0 0 0 0 0 0 0 0
0 0 0 0 0 0 0 0 0 0 0 0 0 0 0 0 0 0 0 0 0 0 0 0 0 0 0 0 0 0 0 0 0 0 0 0 0 0 0 0 0 0 0 0 0 0 0 0 0 0 0 0
0 0 0 0 0 0 0 0 0 0 0 0 0 0 0 0 0 0 0 0 0 0 0 0 0 0 0 0 0 0 0 0 0 0 0 0 0 0 0 0 0 0 0 0 0 0 0 0 0 0 0 0
0 0 0 0 0 0 0 0 0 0 0 0 0 0 0 0 0 0 0 0 0 0 0 0 0 0 0 0 0 0 0 0 0 0 0 0 0 0 0 0 0 0 0 0 0 0 0 0 0 0 0 0
