800904
Zlaganje

151
61 61
4002 4002 4002 4002 4007 4007 4007 4007 4022 4022 4022 4022 4032 4032 4032 4032 4042 4042 4042 4042 4052 4052 4052 4052 4062 4062 4062 4062 4072 4072 4072 4072 4082 4082 4082 4082 4092 4092 4092 4092 4102 4102 4102 4102 4112 4112 4112 4112 4122 4122 4122 4122    0    0    0    0
4003 4003 4003 4003 4008 4008 4008 4008 4023 4023 4023 4023 4033 4033 4033 4033 4043 4043 4043 4043 4053 4053 4053 4053 4063 4063 4063 4063 4073 4073 4073 4073 4083 4083 4083 4083 4093 4093 4093 4093 4103 4103 4103 4103 4113 4113 4113 4113 4123 4123 4123 4123    0    0    0    0
4002 4002 4002 4002 4007 4007 4007 4007 4022 4022 4022 4022 4032 4032 4032 4032 4042 4042 4042 4042 4052 4052 4052 4052 4062 4062 4062 4062 4072 4072 4072 4072 4082 4082 4082 4082 4092 4092 4092 4092 4102 4102 4102 4102 4112 4112 4112 4112 4122 4122 4122 4122    0    0    0    0
4003 4003 4003 4003 4008 4008 4008 4008 4023 4023 4023 4023 4033 4033 4033 4033 4043 4043 4043 4043 4053 4053 4053 4053 4063 4063 4063 4063 4073 4073 4073 4073 4083 4083 4083 4083 4093 4093 4093 4093 4103 4103 4103 4103 4113 4113 4113 4113 4123 4123 4123 4123    0    0    0    0
4012 4012 4012 4012 4017 4017 4017 4017 4027 4027 4027 4027 4037 4037 4037 4037 4047 4047 4047 4047 4057 4057 4057 4057 4067 4067 4067 4067 4077 4077 4077 4077 4087 4087 4087 4087 4097 4097 4097 4097 4107 4107 4107 4107 4117 4117 4117 4117 4127 4127 4127 4127    0    0    0    0
4013 4013 4013 4013 4018 4018 4018 4018 4028 4028 4028 4028 4038 4038 4038 4038 4048 4048 4048 4048 4058 4058 4058 4058 4068 4068 4068 4068 4078 4078 4078 4078 4088 4088 4088 4088 4098 4098 4098 4098 4108 4108 4108 4108 4118 4118 4118 4118 4128 4128 4128 4128    0    0    0    0
4012 4012 4012 4012 4017 4017 4017 4017 4027 4027 4027 4027 4037 4037 4037 4037 4047 4047 4047 4047 4057 4057 4057 4057 4067 4067 4067 4067 4077 4077 4077 4077 4087 4087 4087 4087 4097 4097 4097 4097 4107 4107 4107 4107 4117 4117 4117 4117 4127 4127 4127 4127    0    0    0    0
4013 4013 4013 4013 4018 4018 4018 4018 4028 4028 4028 4028 4038 4038 4038 4038 4048 4048 4048 4048 4058 4058 4058 4058 4068 4068 4068 4068 4078 4078 4078 4078 4088 4088 4088 4088 4098 4098 4098 4098 4108 4108 4108 4108 4118 4118 4118 4118 4128 4128 4128 4128    0    0    0    0
4132 4132 4132 4132 4137 4137 4137 4137 4142 4142 4142 4142 4147 4147 4147 4147 4152 4152 4152 4152 4157 4157 4157 4157 4162 4162 4162 4162 4167 4167 4167 4167 4172 4172 4172 4172 4177 4177 4177 4177 4182 4182 4182 4182 4187 4187 4187 4187 4192 4192 4192 4192    0    0    0    0
4133 4133 4133 4133 4138 4138 4138 4138 4143 4143 4143 4143 4148 4148 4148 4148 4153 4153 4153 4153 4158 4158 4158 4158 4163 4163 4163 4163 4168 4168 4168 4168 4173 4173 4173 4173 4178 4178 4178 4178 4183 4183 4183 4183 4188 4188 4188 4188 4193 4193 4193 4193    0    0    0    0
4132 4132 4132 4132 4137 4137 4137 4137 4142 4142 4142 4142 4147 4147 4147 4147 4152 4152 4152 4152 4157 4157 4157 4157 4162 4162 4162 4162 4167 4167 4167 4167 4172 4172 4172 4172 4177 4177 4177 4177 4182 4182 4182 4182 4187 4187 4187 4187 4192 4192 4192 4192    0    0    0    0
4133 4133 4133 4133 4138 4138 4138 4138 4143 4143 4143 4143 4148 4148 4148 4148 4153 4153 4153 4153 4158 4158 4158 4158 4163 4163 4163 4163 4168 4168 4168 4168 4173 4173 4173 4173 4178 4178 4178 4178 4183 4183 4183 4183 4188 4188 4188 4188 4193 4193 4193 4193    0    0    0    0
4197 4197 4197 4197 4202 4202 4202 4202 4207 4207 4207 4207 4212 4212 4212 4212 4217 4217 4217 4217 4222 4222 4222 4222 4227 4227 4227 4227 4232 4232 4232 4232 4237 4237 4237 4237 4242 4242 4242 4242 4247 4247 4247 4247 4252 4252 4252 4252 4257 4257 4257 4257    0    0    0    0
4198 4198 4198 4198 4203 4203 4203 4203 4208 4208 4208 4208 4213 4213 4213 4213 4218 4218 4218 4218 4223 4223 4223 4223 4228 4228 4228 4228 4233 4233 4233 4233 4238 4238 4238 4238 4243 4243 4243 4243 4248 4248 4248 4248 4253 4253 4253 4253 4258 4258 4258 4258    0    0    0    0
4197 4197 4197 4197 4202 4202 4202 4202 4207 4207 4207 4207 4212 4212 4212 4212 4217 4217 4217 4217 4222 4222 4222 4222 4227 4227 4227 4227 4232 4232 4232 4232 4237 4237 4237 4237 4242 4242 4242 4242 4247 4247 4247 4247 4252 4252 4252 4252 4257 4257 4257 4257    0    0    0    0
4198 4198 4198 4198 4203 4203 4203 4203 4208 4208 4208 4208 4213 4213 4213 4213 4218 4218 4218 4218 4223 4223 4223 4223 4228 4228 4228 4228 4233 4233 4233 4233 4238 4238 4238 4238 4243 4243 4243 4243 4248 4248 4248 4248 4253 4253 4253 4253 4258 4258 4258 4258    0    0    0    0
4262 4262 4262 4262 4267 4267 4267 4267 4272 4272 4272 4272 4277 4277 4277 4277 4282 4282 4282 4282 4287 4287 4287 4287 4292 4292 4292 4292 4297 4297 4297 4297 4302 4302 4302 4302 4307 4307 4307 4307 4312 4312 4312 4312 4317 4317 4317 4317 4322 4322 4322 4322    0    0    0    0
4263 4263 4263 4263 4268 4268 4268 4268 4273 4273 4273 4273 4278 4278 4278 4278 4283 4283 4283 4283 4288 4288 4288 4288 4293 4293 4293 4293 4298 4298 4298 4298 4303 4303 4303 4303 4308 4308 4308 4308 4313 4313 4313 4313 4318 4318 4318 4318 4323 4323 4323 4323    0    0    0    0
4262 4262 4262 4262 4267 4267 4267 4267 4272 4272 4272 4272 4277 4277 4277 4277 4282 4282 4282 4282 4287 4287 4287 4287 4292 4292 4292 4292 4297 4297 4297 4297 4302 4302 4302 4302 4307 4307 4307 4307 4312 4312 4312 4312 4317 4317 4317 4317 4322 4322 4322 4322    0    0    0    0
4263 4263 4263 4263 4268 4268 4268 4268 4273 4273 4273 4273 4278 4278 4278 4278 4283 4283 4283 4283 4288 4288 4288 4288 4293 4293 4293 4293 4298 4298 4298 4298 4303 4303 4303 4303 4308 4308 4308 4308 4313 4313 4313 4313 4318 4318 4318 4318 4323 4323 4323 4323    0    0    0    0
4327 4327 4327 4327 4332 4332 4332 4332 4337 4337 4337 4337 5344 5344 5344 5345 5349 5349 5349 5350 5354 5354 5354 5355 5359 5359 5359 5360 5364 5364 5364 5365  371  371  371  371  376  376  376  376  381  381  381  381  386  386  386  386  399  399  399  404    0    0    0    0
4328 4328 4328 4328 4333 4333 4333 4333 4338 4338 4338 4338 5345 5345 5344 5345 5350 5350 5349 5350 5355 5355 5354 5355 5360 5360 5359 5360 5365 5365 5364 5365  394  394  426  446  446  441  441  436  436  431  431  419  419  419  414  409  409  409  399  404    0    0    0    0
4327 4327 4327 4327 4332 4332 4332 4332 4337 4337 4337 4337 5345 5344 5345 5345 5350 5349 5350 5350 5355 5354 5355 5355 5360 5359 5360 5360 5365 5364 5365 5365  394  426  426  451  446  446  441  441  436  436  431  431  456  419  414  414  414  409  404  404    0    0    0    0
4328 4328 4328 4328 4333 4333 4333 4333 4338 4338 4338 4338 5345 5344 5344 5344 5350 5349 5349 5349 5355 5354 5354 5354 5360 5359 5359 5359 5365 5364 5364 5364  394  426  451  451  461  556  556  561  561    0    0  456  456  551  666  666  671  671  676  676    0    0    0    0
 546  546  541  541  536  536  531  531  526  526  521  521  516  516  511  511  506  506  501  501  496  496  491  491  486  486  481  481  476  476  471  471  466  466  451  461  461  566  556  556  561  561    0  456  551  551  681  666  666  671  671  676  676    0    0    0
   0  546  546  541  541  536  536  531  531  526  526  521  521  516  516  511  511  506  506  501  501  496  496  491  491  486  486  481  481  476  476  471  471  466  466  461  566  566  571    0  691  691  686  686  551  681  681  696  726  726  731  731    0    0    0    0
 661  661  656  656  651  651  646  646  641  641  636  636  631  631  626  626  621  621  616  616  611  611  606  606  601  601  596  596  591  591  586  586  581  581  576  576  566  571  571  701  701  691  691  686  686  681  696  696  721  726  726  731  731    0    0    0
   0  661  661  656  656  651  651  646  646  641  641  636  636  631  631  626  626  621  621  616  616  611  611  606  606  601  601  596  596  591  591  586  586  581  581  576  576  571  706  706  701  701  711    0  716  716  696  721  721  736  861  861    0    0    0    0
   0  831  831  826  826  821  821  816  816  811  811  806  806  801  801  796  796  791  791  786  786  781  781  776  776  771  771  766  766  761  761  756  756  751  751  746  746  741  741  706  706  711  711  836  836  716  716  721  736  736  856  861  861    0    0    0
1041 1041  831  831  826  826  821  821  816  816  811  811  806  806  801  801  796  796  791  791  786  786  781  781  776  776  771  771  766  766  761  761  756  756  751  751  746  746  741  741  866  711  841  841  836  836  846  846  736  856  856  891    0    0    0    0
   0 1041 1041 1036 1036 1031 1031 1026 1026 1021 1021 1016 1016 1011 1011 1006 1006 1001 1001  996  996  991  991  986  986  981  981  976  976  971  971  966  966  961  961  956  956    0    0  866  866  871  871  841  841  851  851  846  846  856  891  891    0    0    0    0
1051 1051 1046 1046 1036 1036 1031 1031 1026 1026 1021 1021 1016 1016 1011 1011 1006 1006 1001 1001  996  996  991  991  986  986  981  981  976  976  971  971  966  966  961  961  956  956  951  866  876  876  871  871  881  881  851  851  896  896  891    0    0    0    0    0
   0 1051 1051 1046 1046 1176 1176 1171 1171 1166 1166 1161 1161 1156 1156 1151 1151 1146 1146 1141 1141 1136 1136 1131 1131 1126 1126 1121 1121 1116 1116 1111 1111 1106 1106    0    0  951  951  911  911  876  876  886  886  881  881  901  901  896  896    0    0    0    0    0
1191 1191 1186 1186 1181 1181 1176 1176 1171 1171 1166 1166 1161 1161 1156 1156 1151 1151 1146 1146 1141 1141 1136 1136 1131 1131 1126 1126 1121 1121 1116 1116 1111 1111 1106 1106 1101  951  946  946  911  911  916  916  886  886  906  906  901  901  926    0    0    0    0    0
   0 1191 1191 1186 1186 1181 1181 1311 1311 1306 1306 1301 1301 1296 1296 1291 1291 1286 1286 1281 1281 1276 1276 1271 1271 1266 1266 1261 1261 1256 1256 1251 1251    0    0 1101 1101 1056 1056  946  946  931  931  916  916  921  921  906  906  926  926    0    0    0    0    0
1331 1331 1326 1326 1321 1321 1316 1316 1311 1311 1306 1306 1301 1301 1296 1296 1291 1291 1286 1286 1281 1281 1276 1276 1271 1271 1266 1266 1261 1261 1256 1256 1251 1251 1246 1101 1096 1096 1056 1056 1061 1061  931  931  936  936  921  921  941  926 1071    0    0    0    0    0
   0 1331 1331 1326 1326 1321 1321 1316 1316 1446 1446 1441 1441 1436 1436 1431 1431 1426 1426 1421 1421 1416 1416 1411 1411 1406 1406 1401 1401 1396 1396    0    0 1246 1246 1196 1196 1096 1096 1076 1076 1061 1061 1066 1066  936  936  941  941 1071 1071    0    0    0    0    0
1471 1471 1466 1466 1461 1461 1456 1456 1451 1451 1446 1446 1441 1441 1436 1436 1431 1431 1426 1426 1421 1421 1416 1416 1411 1411 1406 1406 1401 1401 1396 1396 1391 1246 1241 1241 1196 1196 1201 1201 1076 1076 1081 1081 1066 1066 1086  941 1091 1071 1211    0    0    0    0    0
   0 1471 1471 1466 1466 1461 1461 1456 1456 1451 1451 1581 1581 1576 1576 1571 1571 1566 1566 1561 1561 1556 1556 1551 1551 1546 1546 1541 1541    0    0 1391 1391 1336 1336 1241 1241 1216 1216 1201 1201 1206 1206 1081 1081 1086 1086 1091 1091 1211 1211    0    0    0    0    0
1611 1611 1606 1606 1601 1601 1596 1596 1591 1591 1586 1586 1581 1581 1576 1576 1571 1571 1566 1566 1561 1561 1556 1556 1551 1551 1546 1546 1541 1541 1536 1391 1386 1386 1336 1336 1341 1341 1216 1216 1221 1221 1206 1206 1226 1086 1231 1091 1236 1211 1351    0    0    0    0    0
   0 1611 1611 1606 1606 1601 1601 1596 1596 1591 1591 1586 1586    0    0    0    0    0    0    0    0    0    0    0    0    0    0    0    0 1536 1536 1476 1476 1386 1386 1356 1356 1341 1341 1346 1346 1221 1221 1226 1226 1231 1231 1236 1236 1351 1351    0    0    0    0    0
   0    0    0    0    0    0    0    0    0    0    0    0    0    0    0    0    0    0    0    0    0    0    0    0    0    0    0    0    0 1536 1531 1531 1476 1476 1481 1481 1356 1356 1361 1361 1346 1346 1366 1226 1371 1231 1376 1236 1381 1351 1491    0    0    0    0    0
   0    0    0    0    0    0    0    0    0    0    0    0    0    0    0    0    0    0    0    0    0    0    0    0    0    0    0    0    0 1616 1616 1531 1531 1496 1496 1481 1481 1486 1486 1361 1361 1366 1366 1371 1371 1376 1376 1381 1381 1491 1491    0    0    0    0    0
   0    0    0    0    0    0    0    0    0    0    0    0    0    0    0    0    0    0    0    0    0    0    0    0    0    0    0    0    0    0 1616 1616 1621 1621 1496 1496 1501 1501 1486 1486 1506 1366 1511 1371 1516 1376 1521 1381 1526 1491 1631    0    0    0    0    0
   0    0    0    0    0    0    0    0    0    0    0    0    0    0    0    0    0    0    0    0    0    0    0    0    0    0    0    0    0    0    0 1636 1636 1621 1621 1626 1626 1501 1501 1506 1506 1511 1511 1516 1516 1521 1521 1526 1526 1631 1631    0    0    0    0    0
   0    0    0    0    0    0    0    0    0    0    0    0    0    0    0    0    0    0    0    0    0    0    0    0    0    0    0    0    0    0    0    0 1636 1636    0    0 1626 1626    0 1506    0 1511    0 1516    0 1521    0 1526    0 1631    0    0    0    0    0    0
   0    0    0    0    0    0    0    0    0    0    0    0    0    0    0    0    0    0    0    0    0    0    0    0    0    0    0    0    0    0    0    0    0    0    0    0    0    0    0    0    0    0    0    0    0    0    0    0    0    0    0    0    0    0    0    0
   0    0    0    0    0    0    0    0    0    0    0    0    0    0    0    0    0    0    0    0    0    0    0    0    0    0    0    0    0    0    0    0    0    0    0    0    0    0    0    0    0    0    0    0    0    0    0    0    0    0    0    0    0    0    0    0
   0    0    0    0    0    0    0    0    0    0    0    0    0    0    0    0    0    0    0    0    0    0    0    0    0    0    0    0    0    0    0    0    0    0    0    0    0    0    0    0    0    0    0    0    0    0    0    0    0    0    0    0    0    0    0    0
   0    0    0    0    0    0    0    0    0    0    0    0    0    0    0    0    0    0    0    0    0    0    0    0    0    0    0    0    0    0    0    0    0    0    0    0    0    0    0    0    0    0    0    0    0    0    0    0    0    0    0    0    0    0    0    0
   0    0    0    0    0    0    0    0    0    0    0    0    0    0    0    0    0    0    0    0    0    0    0    0    0    0    0    0    0    0    0    0    0    0    0    0    0    0    0    0    0    0    0    0    0    0    0    0    0    0    0    0    0    0    0    0
   0    0    0    0    0    0    0    0    0    0    0    0    0    0    0    0    0    0    0    0    0    0    0    0    0    0    0    0    0    0    0    0    0    0    0    0    0    0    0    0    0    0    0    0    0    0    0    0    0    0    0    0    0    0    0    0
   0    0    0    0    0    0    0    0    0    0    0    0    0    0    0    0    0    0    0    0    0    0    0    0    0    0    0    0    0    0    0    0    0    0    0    0    0    0    0    0    0    0    0    0    0    0    0    0    0    0    0    0    0    0    0    0
   0    0    0    0    0    0    0    0    0    0    0    0    0    0    0    0    0    0    0    0    0    0    0    0    0    0    0    0    0    0    0    0    0    0    0    0    0    0    0    0    0    0    0    0    0    0    0    0    0    0    0    0    0    0    0    0
   0    0    0    0    0    0    0    0    0    0    0    0    0    0    0    0    0    0    0    0    0    0    0    0    0    0    0    0    0    0    0    0    0    0    0    0    0    0    0    0    0    0    0    0    0    0    0    0    0    0    0    0    0    0    0    0
   0    0    0    0    0    0    0    0    0    0    0    0    0    0    0    0    0    0    0    0    0    0    0    0    0    0    0    0    0    0    0    0    0    0    0    0    0    0    0    0    0    0    0    0    0    0    0    0    0    0    0    0    0    0    0    0
