800904
Zlaganje

152
47 47
4002 4002 4002 4002 4007 4007 4007 4007   26    0    0    0    0    0    0    0    0    0  451  451    0    0    0 1056 1056 1061 1061 1066 1066 1071 1071 1121 1121 1126 1126 1131 1131    0    0    0    0    0
4003 4003 4003 4003 4008 4008 4008 4008   26    0  141    0  166    0  226    0  256    0  416  451  451  456    0 1051 1056 1056 1061 1061 1066 1066 1071 1071 1121 1121 1126 1126 1131 1131    0    0    0    0
4002 4002 4002 4002 4007 4007 4007 4007   26  141  141  166  166  226  226  256  256  416  416  421  456  456 1051 1051    0 1076    0 1136    0 1231    0    0    0    0    0    0    0    0    0    0    0    0
4003 4003 4003 4003 4008 4008 4008 4008   26  141  136  166  161  226  221  256  251  416  421  421  456  461 1051 1046 1076 1076 1136 1136 1231 1231    0    0    0    0    0    0    0    0    0    0    0    0
4012 4012 4012 4012 4017 4017 4017 4017   31  136  136  161  161  221  221  251  251  261  421  426  461  461 1046 1046 1076 1081 1136 1141 1231 1241    0    0    0    0    0    0    0    0    0    0    0    0
4013 4013 4013 4013 4018 4018 4018 4018   31  136  131  161  156  221  216  251  261  261  426  426  461  466 1046 1041 1081 1081 1141 1141 1241 1241    0    0    0    0    0    0    0    0    0    0    0    0
4012 4012 4012 4012 4017 4017 4017 4017   31  131  131  156  156  216  216  231  261  266  426  431  466  466 1041 1041 1081 1086 1141 1146 1241 1246 1307    0    0    0    0    0    0    0    0    0    0    0
4013 4013 4013 4013 4018 4018 4018 4018   31  131  126  156  151  216  231  231  266  266  431  431  466  471 1041 1036 1086 1086 1146 1146 1246 1246 1307 1307    0    0    0    0    0    0    0    0    0    0
  36   36   36   36   41   41   41   41   53  126  126  151  151  171  231  236  266  271  431  436  471  471 1036 1036 1086 1091 1146 1151 1246 1251 1302 1307    0    0    0    0    0    0    0    0    0    0
  46   46   46   46   58   63   53   53   53  126  121  151  171  171  236  236  271  271  436  436  471  476 1036 1031 1091 1091 1151 1151 1251 1251 1302 1302    0    0    0    0    0    0    0    0    0    0
  81   81   58   58   58   63   68   68   73  121  121  146  171  176  236  241  271  276  436  441  476  476 1031 1031 1091 1096 1151 1156 1251 1256 1297 1302    0    0    0    0    0    0    0    0    0    0
   0   81   81   86   86   63   63   68   73  121  146  146  176  176  241  241  276  276  441  441  476  481 1031 1026 1096 1096 1156 1156 1256 1256 1297 1297    0    0    0    0    0    0    0    0    0    0
 101  101   91   91   86   86   96   68   73   73  146  181  176  186  241  246  276  281  441  446  481  481 1026 1026 1096 1101 1156 1161 1256 1261 1292 1297    0    0    0    0    0    0    0    0    0    0
   0  101  101   91   91   96   96  106    0  191  181  181  186  186  246  246  281  281  446  446  481  491 1026 1021 1101 1101 1161 1161 1261 1261 1292 1292    0    0    0    0    0    0    0    0    0    0
   0  116  116  111  111   96  106  106  191  191  181  196  186  211  246  286  281  291  446  486  491  491 1021 1021 1101 1106 1161 1166 1261 1266 1287 1292    0    0    0    0    0    0    0    0    0    0
 516  516  116  116  111  111  106  206  191  201  196  196  211  211  286  286  291  291  486  486  491  501 1021 1016 1106 1106 1166 1166 1266 1266 1287 1287    0    0    0    0    0    0    0    0    0    0
   0  516  516  531  531    0  206  206  201  201  196  296  211  301  286  306  291  321  486  496  501  501 1016 1016 1106 1111 1166 1171 1266 1271 1282 1287    0    0    0    0    0    0    0    0    0    0
 561  561  536  536  531  531  206  316  201  311  296  296  301  301  306  306  321  321  496  496  501  511 1016 1011 1111 1111 1171 1171 1271 1271 1282 1282    0    0    0    0    0    0    0    0    0    0
   0  561  561  536  536  541  316  316  311  311  296  326  301  331  306  336  321  351  496  506  511  511 1011 1011 1111 1116 1171 1181 1271 1277 1277 1282    0    0    0    0    0    0    0    0    0    0
   0  576  576    0  541  541  316  346  311  341  326  326  331  331  336  336  351  351  506  506  511  526 1011 1006 1116 1116 1181 1181 1277 1277    0    0    0    0    0    0    0    0    0    0    0    0
 581  581  576  576  541  546  346  346  341  341  326  356  331  361  336  366  351  381  506  521  526  526 1006 1006 1116 1176 1181 1191    0    0    0    0    0    0    0    0    0    0    0    0    0    0
   0  581  581  586  546  546  346  376  341  371  356  356  361  361  366  366  381  381  521  521  526  571 1006 1001 1176 1176 1191 1191    0    0    0    0    0    0    0    0    0    0    0    0    0    0
   0  926  586  586  546  551  376  376  371  371  356  386  361  391  366  396  381  411  521  566  571  571 1001 1001 1176 1186 1191 1201    0    0    0    0    0    0    0    0    0    0    0    0    0    0
 926  926  586  591  551  551  376  406  371  401  386  386  391  391  396  396  411  411  566  566  571  646 1001  996 1186 1186 1201 1201    0    0    0    0    0    0    0    0    0    0    0    0    0    0
 926  931  591  591  551  556  406  406  401  401  386  601  391  606  396  611  411  616  566  641  646  646  996  996 1186 1196 1201 1211    0    0    0    0    0    0    0    0    0    0    0    0    0    0
 931  931  591  596  556  556  406  626  401  621  601  601  606  606  611  611  616  616  641  641  646  696  996  991 1196 1196 1211 1211    0    0    0    0    0    0    0    0    0    0    0    0    0    0
 931  936  596  596  556  631  626  626  621  621  601  651  606  656  611  661  616  666  641  691  696  696  991  991 1196 1206 1211 1221    0    0    0    0    0    0    0    0    0    0    0    0    0    0
 936  936  596  636  631  631  626  676  621  671  651  651  656  656  661  661  666  666  691  691  696  746  991  986 1206 1206 1221 1221    0    0    0    0    0    0    0    0    0    0    0    0    0    0
 936  941  636  636  631  681  676  676  671  671  651  701  656  706  661  711  666  716  691  741  746  746  986  986 1206 1216 1221 1226    0    0    0    0    0    0    0    0    0    0    0    0    0    0
 941  941  636  686  681  681  676  726  671  721  701  701  706  706  711  711  716  716  741  741  746  796  986  981 1216 1216 1226 1226    0    0    0    0    0    0    0    0    0    0    0    0    0    0
 941  946  686  686  681  731  726  726  721  721  701  751  706  756  711  761  716  766  741  791  796  796  981  981 1216 1236 1226    0    0    0    0    0    0    0    0    0    0    0    0    0    0    0
 946  946  686  736  731  731  726  776  721  771  751  751  756  756  761  761  766  766  791  791  796  846  981  976 1236 1236    0    0    0    0    0    0    0    0    0    0    0    0    0    0    0    0
 946  951  736  736  731  781  776  776  771  771  751  801  756  806  761  811  766  816  791  841  846  846  976  976 1236    0    0    0    0    0    0    0    0    0    0    0    0    0    0    0    0    0
 951  951  736  786  781  781  776  826  771  821  801  801  806  806  811  811  816  816  841  841  846  891  976  971    0    0    0    0    0    0    0    0    0    0    0    0    0    0    0    0    0    0
 951  956  786  786  781  831  826  826  821  821  801  851  806  856  811  861  816  866  841  886  891  891  971  971    0    0    0    0    0    0    0    0    0    0    0    0    0    0    0    0    0    0
 956  956  786  836  831  831  826  876  821  871  851  851  856  856  861  861  866  866  886  886  891  921  971    0    0    0    0    0    0    0    0    0    0    0    0    0    0    0    0    0    0    0
 956  961  836  836  831  881  876  876  871  871  851  896  856  901  861  906  866  911  886  916  921  921  966    0    0    0    0    0    0    0    0    0    0    0    0    0    0    0    0    0    0    0
 961  961  836    0  881  881  876    0  871    0  896  896  901  901  906  906  911  911  916  916  921  966  966    0    0    0    0    0    0    0    0    0    0    0    0    0    0    0    0    0    0    0
 961    0    0    0  881    0    0    0    0    0  896    0  901    0  906    0  911    0  916    0    0  966    0    0    0    0    0    0    0    0    0    0    0    0    0    0    0    0    0    0    0    0
   0    0    0    0    0    0    0    0    0    0    0    0    0    0    0    0    0    0    0    0    0    0    0    0    0    0    0    0    0    0    0    0    0    0    0    0    0    0    0    0    0    0
   0    0    0    0    0    0    0    0    0    0    0    0    0    0    0    0    0    0    0    0    0    0    0    0    0    0    0    0    0    0    0    0    0    0    0    0    0    0    0    0    0    0
   0    0    0    0    0    0    0    0    0    0    0    0    0    0    0    0    0    0    0    0    0    0    0    0    0    0    0    0    0    0    0    0    0    0    0    0    0    0    0    0    0    0
