800904
Zlaganje

211
58 58
7005 7005 7005 7006 7010 7010 7010 7011 7025 7025 7025 7026 7035 7035 7035 7036 7045 7045 7045 7046 7055 7055 7055 7056 7065 7065 7065 7066 7075 7075 7075 7076 7085 7085 7085 7086 7095 7095 7095 7096 7105 7105 7105 7106 7115 7115 7115 7116 7125 7125 7125 7126 7135 7135 7135 7136 0 0
7006 7005 7006 7006 7011 7010 7011 7011 7026 7025 7026 7026 7036 7035 7036 7036 7046 7045 7046 7046 7056 7055 7056 7056 7066 7065 7066 7066 7076 7075 7076 7076 7086 7085 7086 7086 7096 7095 7096 7096 7106 7105 7106 7106 7116 7115 7116 7116 7126 7125 7126 7126 7136 7135 7136 7136 0 0
7006 7006 7005 7006 7011 7011 7010 7011 7026 7026 7025 7026 7036 7036 7035 7036 7046 7046 7045 7046 7056 7056 7055 7056 7066 7066 7065 7066 7076 7076 7075 7076 7086 7086 7085 7086 7096 7096 7095 7096 7106 7106 7105 7106 7116 7116 7115 7116 7126 7126 7125 7126 7136 7136 7135 7136 0 0
7006 7005 7005 7005 7011 7010 7010 7010 7026 7025 7025 7025 7036 7035 7035 7035 7046 7045 7045 7045 7056 7055 7055 7055 7066 7065 7065 7065 7076 7075 7075 7075 7086 7085 7085 7085 7096 7095 7095 7095 7106 7105 7105 7105 7116 7115 7115 7115 7126 7125 7125 7125 7136 7135 7135 7135 0 0
7015 7015 7015 7016 7020 7020 7020 7021 7030 7030 7030 7031 7040 7040 7040 7041 7050 7050 7050 7051 7060 7060 7060 7061 7070 7070 7070 7071 7080 7080 7080 7081 7090 7090 7090 7091 7100 7100 7100 7101 7110 7110 7110 7111 7120 7120 7120 7121 7130 7130 7130 7131 7140 7140 7140 7141 0 0
7016 7015 7016 7016 7021 7020 7021 7021 7031 7030 7031 7031 7041 7040 7041 7041 7051 7050 7051 7051 7061 7060 7061 7061 7071 7070 7071 7071 7081 7080 7081 7081 7091 7090 7091 7091 7101 7100 7101 7101 7111 7110 7111 7111 7121 7120 7121 7121 7131 7130 7131 7131 7141 7140 7141 7141 0 0
7016 7016 7015 7016 7021 7021 7020 7021 7031 7031 7030 7031 7041 7041 7040 7041 7051 7051 7050 7051 7061 7061 7060 7061 7071 7071 7070 7071 7081 7081 7080 7081 7091 7091 7090 7091 7101 7101 7100 7101 7111 7111 7110 7111 7121 7121 7120 7121 7131 7131 7130 7131 7141 7141 7140 7141 0 0
7016 7015 7015 7015 7021 7020 7020 7020 7031 7030 7030 7030 7041 7040 7040 7040 7051 7050 7050 7050 7061 7060 7060 7060 7071 7070 7070 7070 7081 7080 7080 7080 7091 7090 7090 7090 7101 7100 7100 7100 7111 7110 7110 7110 7121 7120 7120 7120 7131 7130 7130 7130 7141 7140 7140 7140 0 0
7145 7145 7145 7146 7150 7150 7150 7151 7155 7155 7155 7156 7160 7160 7160 7161 7165 7165 7165 7166 7170 7170 7170 7171 7175 7175 7175 7176 7180 7180 7180 7181 7185 7185 7185 7186 7190 7190 7190 7191 7195 7195 7195 7196 7200 7200 7200 7201 7205 7205 7205 7206 7210 7210 7210 7211 0 0
7146 7145 7146 7146 7151 7150 7151 7151 7156 7155 7156 7156 7161 7160 7161 7161 7166 7165 7166 7166 7171 7170 7171 7171 7176 7175 7176 7176 7181 7180 7181 7181 7186 7185 7186 7186 7191 7190 7191 7191 7196 7195 7196 7196 7201 7200 7201 7201 7206 7205 7206 7206 7211 7210 7211 7211 0 0
7146 7146 7145 7146 7151 7151 7150 7151 7156 7156 7155 7156 7161 7161 7160 7161 7166 7166 7165 7166 7171 7171 7170 7171 7176 7176 7175 7176 7181 7181 7180 7181 7186 7186 7185 7186 7191 7191 7190 7191 7196 7196 7195 7196 7201 7201 7200 7201 7206 7206 7205 7206 7211 7211 7210 7211 0 0
7146 7145 7145 7145 7151 7150 7150 7150 7156 7155 7155 7155 7161 7160 7160 7160 7166 7165 7165 7165 7171 7170 7170 7170 7176 7175 7175 7175 7181 7180 7180 7180 7186 7185 7185 7185 7191 7190 7190 7190 7196 7195 7195 7195 7201 7200 7200 7200 7206 7205 7205 7205 7211 7210 7210 7210 0 0
7215 7215 7215 7216 7220 7220 7220 7221 7225 7225 7225 7226 7230 7230 7230 7231 7235 7235 7235 7236 7240 7240 7240 7241 7245 7245 7245 7246 7250 7250 7250 7251 7255 7255 7255 7256 7260 7260 7260 7261 7265 7265 7265 7266 7270 7270 7270 7271 7275 7275 7275 7276 7280 7280 7280 7281 0 0
7216 7215 7216 7216 7221 7220 7221 7221 7226 7225 7226 7226 7231 7230 7231 7231 7236 7235 7236 7236 7241 7240 7241 7241 7246 7245 7246 7246 7251 7250 7251 7251 7256 7255 7256 7256 7261 7260 7261 7261 7266 7265 7266 7266 7271 7270 7271 7271 7276 7275 7276 7276 7281 7280 7281 7281 0 0
7216 7216 7215 7216 7221 7221 7220 7221 7226 7226 7225 7226 7231 7231 7230 7231 7236 7236 7235 7236 7241 7241 7240 7241 7246 7246 7245 7246 7251 7251 7250 7251 7256 7256 7255 7256 7261 7261 7260 7261 7266 7266 7265 7266 7271 7271 7270 7271 7276 7276 7275 7276 7281 7281 7280 7281 0 0
7216 7215 7215 7215 7221 7220 7220 7220 7226 7225 7225 7225 7231 7230 7230 7230 7236 7235 7235 7235 7241 7240 7240 7240 7246 7245 7245 7245 7251 7250 7250 7250 7256 7255 7255 7255 7261 7260 7260 7260 7266 7265 7265 7265 7271 7270 7270 7270 7276 7275 7275 7275 7281 7280 7280 7280 0 0
7285 7285 7285 7286 7290 7290 7290 7291 7295 7295 7295 7296 7300 7300 7300 7301 7305 7305 7305 7306 7310 7310 7310 7311 7315 7315 7315 7316 7320 7320 7320 7321 7325 7325 7325 7326 7330 7330 7330 7331 7335 7335 7335 7336 7340 7340 7340 7341 7345 7345 7345 7346 7350 7350 7350 7351 0 0
7286 7285 7286 7286 7291 7290 7291 7291 7296 7295 7296 7296 7301 7300 7301 7301 7306 7305 7306 7306 7311 7310 7311 7311 7316 7315 7316 7316 7321 7320 7321 7321 7326 7325 7326 7326 7331 7330 7331 7331 7336 7335 7336 7336 7341 7340 7341 7341 7346 7345 7346 7346 7351 7350 7351 7351 0 0
7286 7286 7285 7286 7291 7291 7290 7291 7296 7296 7295 7296 7301 7301 7300 7301 7306 7306 7305 7306 7311 7311 7310 7311 7316 7316 7315 7316 7321 7321 7320 7321 7326 7326 7325 7326 7331 7331 7330 7331 7336 7336 7335 7336 7341 7341 7340 7341 7346 7346 7345 7346 7351 7351 7350 7351 0 0
7286 7285 7285 7285 7291 7290 7290 7290 7296 7295 7295 7295 7301 7300 7300 7300 7306 7305 7305 7305 7311 7310 7310 7310 7316 7315 7315 7315 7321 7320 7320 7320 7326 7325 7325 7325 7331 7330 7330 7330 7336 7335 7335 7335 7341 7340 7340 7340 7346 7345 7345 7345 7351 7350 7350 7350 0 0
7355 7355 7355 7356 7360 7360 7360 7361 366 366 366 366 371 371 371 371 376 376 376 376 381 381 381 381 386 386 386 386 410 410 410 415 420 425 425 425 431 481 481 486 486 491 491 496 496 501 501 506 506 511 511 516 516 0 0 0 0 0
7356 7355 7356 7356 7361 7360 7361 7361 392 392 397 397 402 402 0 471 471 466 466 461 461 456 456 451 451 446 446 441 441 410 415 415 420 420 425 431 431 476 481 481 486 486 491 491 496 496 501 501 506 506 511 511 516 516 0 0 0 0
7356 7356 7355 7356 7361 7361 7360 7361 392 392 397 397 402 402 521 521 471 471 466 466 461 461 456 456 451 451 446 446 441 441 526 415 420 436 436 431 476 476 531 591 591 596 596 601 601 606 606 611 611 616 616 621 621 0 0 0 0 0
7356 7355 7355 7355 7361 7360 7360 7360 551 546 546 541 541 536 536 521 521 561 651 651 656 656 661 661 666 666 671 671 0 526 526 566 571 571 436 436 476 531 531 586 591 591 596 596 601 601 606 606 611 611 616 616 621 621 0 0 0 0
0 0 1747 1747 991 0 841 551 551 556 546 546 541 541 536 536 561 561 646 651 651 656 656 661 661 666 666 671 671 526 566 566 576 571 571 581 581 531 586 586 626 806 806 811 811 816 816 821 821 826 826 831 831 0 0 0 0 0
0 1747 1747 991 991 841 841 551 556 556 631 0 641 641 636 636 561 646 646 701 696 696 691 691 686 686 681 681 676 676 566 576 576 736 741 741 581 581 586 626 626 801 806 806 811 811 816 816 821 821 826 826 831 831 0 0 0 0
0 1807 1807 991 986 841 836 836 556 631 631 721 721 641 641 636 636 646 701 701 706 696 696 691 691 686 686 681 681 676 676 576 736 736 746 741 741 751 751 626 801 801 846 941 941 946 946 951 951 956 956 961 961 0 0 0 0 0
1807 1807 0 986 986 851 851 836 836 631 726 726 721 721 716 716 711 711 701 706 706 781 776 776 771 771 766 766 761 761 756 756 736 746 746 856 861 861 751 751 801 846 846 936 941 941 946 946 951 951 956 956 961 961 0 0 0 0
0 1136 1136 986 976 976 851 851 966 931 931 726 726 731 731 716 716 711 711 706 781 781 786 776 776 771 771 766 766 761 761 756 756 746 856 856 866 861 861 871 871 846 936 936 996 1101 1101 1106 1106 1111 1111 1116 1116 0 0 0 0 0
1141 1141 1136 1136 1131 976 976 966 966 971 931 931 926 926 731 731 796 796 791 791 781 786 786 901 896 896 891 891 886 886 881 881 876 876 856 866 866 1001 1006 1006 871 871 936 996 996 1096 1101 1101 1106 1106 1111 1111 1116 1116 0 0 0 0
0 1141 1141 1131 1131 981 981 966 971 971 1081 1076 1076 926 926 921 921 796 796 791 791 786 901 901 906 896 896 891 891 886 886 881 881 876 876 866 1001 1001 1011 1006 1006 1016 1016 996 1096 1096 1121 1256 1256 1261 1261 1266 1266 0 0 0 0 0
0 1146 1146 1131 1126 1126 981 981 971 1081 1081 1086 1076 1076 1071 1071 921 921 916 916 911 911 901 906 906 1046 1041 1041 1036 1036 1031 1031 1026 1026 1021 1021 1001 1011 1011 1151 1156 1156 1016 1016 1096 1121 1121 1251 1256 1256 1261 1261 1266 1266 0 0 0 0
1286 1286 1146 1146 1271 1126 1126 1091 1091 1081 1086 1086 1231 1226 1226 1071 1071 1066 1066 916 916 911 911 906 1046 1046 1051 1041 1041 1036 1036 1031 1031 1026 1026 1021 1021 1011 1151 1151 1161 1156 1156 1166 1166 1121 1251 1251 1296 1421 1421 1426 1426 0 0 0 0 0
0 1286 1286 1271 1271 1276 1246 1246 1091 1091 1086 1231 1231 1236 1226 1226 1221 1221 1066 1066 1061 1061 1056 1056 1046 1051 1051 1196 1191 1191 1186 1186 1181 1181 1176 1176 1171 1171 1151 1161 1161 1301 1306 1306 1166 1166 1251 1296 1296 1416 1421 1421 1426 1426 0 0 0 0
0 1291 1291 1271 1276 1276 1281 1246 1246 1241 1241 1231 1236 1236 1381 1376 1376 1221 1221 1216 1216 1061 1061 1056 1056 1051 1196 1196 1201 1191 1191 1186 1186 1181 1181 1176 1176 1171 1171 1161 1301 1301 1311 1306 1306 1316 1316 1296 1416 1416 1431 1566 1566 0 0 0 0 0
1436 1436 1291 1291 1276 1281 1281 1401 1396 1396 1241 1241 1236 1381 1381 1386 1376 1376 1371 1371 1216 1216 1211 1211 1206 1206 1196 1201 1201 1346 1341 1341 1336 1336 1331 1331 1326 1326 1321 1321 1301 1311 1311 1441 1446 1446 1316 1316 1416 1431 1431 1561 1566 1566 0 0 0 0
0 1436 1436 1406 1406 1281 1401 1401 1411 1396 1396 1391 1391 1381 1386 1386 1521 1516 1516 1371 1371 1366 1366 1211 1211 1206 1206 1201 1346 1346 1351 1341 1341 1336 1336 1331 1331 1326 1326 1321 1321 1311 1441 1441 1451 1446 1446 1456 1456 1431 1561 1561 1571 0 0 0 0 0
1576 1576 1551 1551 1406 1406 1401 1411 1411 1541 1536 1536 1391 1391 1386 1521 1521 1526 1516 1516 1511 1511 1366 1366 1361 1361 1356 1356 1346 1351 1351 1486 1481 1481 1476 1476 1471 1471 1466 1466 1461 1461 1441 1451 1451 1581 1586 1586 1456 1456 1561 1571 1571 1706 0 0 0 0
0 1576 1576 1551 1551 1546 1546 1411 1541 1541 1556 1536 1536 1531 1531 1521 1526 1526 1661 1656 1656 1511 1511 1506 1506 1361 1361 1356 1356 1351 1486 1486 1491 1481 1481 1476 1476 1471 1471 1466 1466 1461 1461 1451 1581 1581 1591 1586 1586 1596 1596 1571 1706 1706 0 0 0 0
1711 1711 1696 1696 1691 1691 1546 1546 1541 1556 1556 1681 1676 1676 1531 1531 1526 1661 1661 1666 1656 1656 1651 1651 1506 1506 1501 1501 1496 1496 1486 1491 1491 1626 1621 1621 1616 1616 1611 1611 1606 1606 1601 1601 1581 1591 1591 1716 1721 1721 1596 1596 1706 0 0 0 0 0
0 1711 1711 1696 1696 1691 1691 1686 1686 1556 1681 1681 1701 1676 1676 1671 1671 1661 1666 1666 1752 1752 1812 1651 1651 1646 1646 1501 1501 1496 1496 1491 1626 1626 1631 1621 1621 1616 1616 1611 1611 1606 1606 1601 1601 1591 1716 1716 1726 1721 1721 0 0 0 0 0 0 0
0 0 0 0 0 0 0 0 1686 1686 1681 1701 1701 1757 1757 1822 1671 1671 1666 1752 1752 1817 1812 1812 0 0 1646 1646 1641 1641 1636 1636 1626 1631 1631 1762 1762 1767 1767 1772 1741 1741 1736 1736 1731 1731 1716 1726 1726 1777 1777 0 0 0 0 0 0 0
0 0 0 0 0 0 0 0 0 0 0 1701 1757 1757 1827 1822 1822 0 1837 1837 1832 1817 1817 1812 0 0 0 0 0 1641 1641 1636 1636 1631 1762 1762 1767 1767 1782 1772 1772 1741 1741 1736 1736 1731 1731 1726 1777 1777 1847 1847 0 0 0 0 0 0
0 0 0 0 0 0 0 0 0 0 0 0 0 0 1827 1827 1822 1837 1837 1842 1832 1832 1817 0 0 0 0 0 0 0 0 0 0 0 0 0 0 0 1782 1782 1772 1787 1787 1792 1792 1797 1797 1802 1802 1847 1847 0 0 0 0 0 0 0
0 0 0 0 0 0 0 0 0 0 0 0 0 0 0 1827 0 0 0 1842 1842 1832 0 0 0 0 0 0 0 0 0 0 0 0 0 0 0 0 0 1782 1787 1787 1792 1792 1797 1797 1802 1802 0 0 0 0 0 0 0 0 0 0
0 0 0 0 0 0 0 0 0 0 0 0 0 0 0 0 0 0 0 0 1842 0 0 0 0 0 0 0 0 0 0 0 0 0 0 0 0 0 0 0 0 0 0 0 0 0 0 0 0 0 0 0 0 0 0 0 0 0
0 0 0 0 0 0 0 0 0 0 0 0 0 0 0 0 0 0 0 0 0 0 0 0 0 0 0 0 0 0 0 0 0 0 0 0 0 0 0 0 0 0 0 0 0 0 0 0 0 0 0 0 0 0 0 0 0 0
0 0 0 0 0 0 0 0 0 0 0 0 0 0 0 0 0 0 0 0 0 0 0 0 0 0 0 0 0 0 0 0 0 0 0 0 0 0 0 0 0 0 0 0 0 0 0 0 0 0 0 0 0 0 0 0 0 0
0 0 0 0 0 0 0 0 0 0 0 0 0 0 0 0 0 0 0 0 0 0 0 0 0 0 0 0 0 0 0 0 0 0 0 0 0 0 0 0 0 0 0 0 0 0 0 0 0 0 0 0 0 0 0 0 0 0
0 0 0 0 0 0 0 0 0 0 0 0 0 0 0 0 0 0 0 0 0 0 0 0 0 0 0 0 0 0 0 0 0 0 0 0 0 0 0 0 0 0 0 0 0 0 0 0 0 0 0 0 0 0 0 0 0 0
0 0 0 0 0 0 0 0 0 0 0 0 0 0 0 0 0 0 0 0 0 0 0 0 0 0 0 0 0 0 0 0 0 0 0 0 0 0 0 0 0 0 0 0 0 0 0 0 0 0 0 0 0 0 0 0 0 0
0 0 0 0 0 0 0 0 0 0 0 0 0 0 0 0 0 0 0 0 0 0 0 0 0 0 0 0 0 0 0 0 0 0 0 0 0 0 0 0 0 0 0 0 0 0 0 0 0 0 0 0 0 0 0 0 0 0
0 0 0 0 0 0 0 0 0 0 0 0 0 0 0 0 0 0 0 0 0 0 0 0 0 0 0 0 0 0 0 0 0 0 0 0 0 0 0 0 0 0 0 0 0 0 0 0 0 0 0 0 0 0 0 0 0 0
0 0 0 0 0 0 0 0 0 0 0 0 0 0 0 0 0 0 0 0 0 0 0 0 0 0 0 0 0 0 0 0 0 0 0 0 0 0 0 0 0 0 0 0 0 0 0 0 0 0 0 0 0 0 0 0 0 0
0 0 0 0 0 0 0 0 0 0 0 0 0 0 0 0 0 0 0 0 0 0 0 0 0 0 0 0 0 0 0 0 0 0 0 0 0 0 0 0 0 0 0 0 0 0 0 0 0 0 0 0 0 0 0 0 0 0
0 0 0 0 0 0 0 0 0 0 0 0 0 0 0 0 0 0 0 0 0 0 0 0 0 0 0 0 0 0 0 0 0 0 0 0 0 0 0 0 0 0 0 0 0 0 0 0 0 0 0 0 0 0 0 0 0 0
0 0 0 0 0 0 0 0 0 0 0 0 0 0 0 0 0 0 0 0 0 0 0 0 0 0 0 0 0 0 0 0 0 0 0 0 0 0 0 0 0 0 0 0 0 0 0 0 0 0 0 0 0 0 0 0 0 0
0 0 0 0 0 0 0 0 0 0 0 0 0 0 0 0 0 0 0 0 0 0 0 0 0 0 0 0 0 0 0 0 0 0 0 0 0 0 0 0 0 0 0 0 0 0 0 0 0 0 0 0 0 0 0 0 0 0
