800904
Zlaganje

212
18 18
6 6 6 6 28 28 0 0 0 0 0 0 0 0 0 0 0 0
11 11 11 11 28 28 34 0 0 0 0 0 0 0 0 0 0 0
16 16 16 16 34 34 34 88 0 0 0 0 0 0 0 0 0 0
22 22 22 22 40 40 40 88 88 0 0 0 0 0 0 0 0 0
51 51 51 45 45 45 40 62 88 0 0 0 0 0 0 0 0 0
0 51 67 57 57 45 62 62 0 0 0 0 0 0 0 0 0 0
0 67 67 72 57 57 62 0 0 0 0 0 0 0 0 0 0 0
0 67 72 72 77 0 0 0 0 0 0 0 0 0 0 0 0 0
82 82 72 77 77 0 0 0 0 0 0 0 0 0 0 0 0 0
0 82 82 77 0 0 0 0 0 0 0 0 0 0 0 0 0 0
0 0 0 0 0 0 0 0 0 0 0 0 0 0 0 0 0 0
0 0 0 0 0 0 0 0 0 0 0 0 0 0 0 0 0 0
0 0 0 0 0 0 0 0 0 0 0 0 0 0 0 0 0 0
0 0 0 0 0 0 0 0 0 0 0 0 0 0 0 0 0 0
0 0 0 0 0 0 0 0 0 0 0 0 0 0 0 0 0 0
0 0 0 0 0 0 0 0 0 0 0 0 0 0 0 0 0 0
0 0 0 0 0 0 0 0 0 0 0 0 0 0 0 0 0 0
0 0 0 0 0 0 0 0 0 0 0 0 0 0 0 0 0 0
