800904
Zlaganje

213
52 52
8006 8006 8007 8007 8011 8011 8012 8012 8026 8026 8027 8027 8036 8036 8037 8037 8046 8046 8047 8047 8056 8056 8057 8057 8066 8066 8067 8067 8076 8076 8077 8077 8086 8086 8087 8087 8096 8096 8097 8097 8106 8106 8107 8107 8116 8116 8117 8117 0 0 0 0
8006 8006 8007 8007 8011 8011 8012 8012 8026 8026 8027 8027 8036 8036 8037 8037 8046 8046 8047 8047 8056 8056 8057 8057 8066 8066 8067 8067 8076 8076 8077 8077 8086 8086 8087 8087 8096 8096 8097 8097 8106 8106 8107 8107 8116 8116 8117 8117 0 0 0 0
8007 8007 8006 8006 8012 8012 8011 8011 8027 8027 8026 8026 8037 8037 8036 8036 8047 8047 8046 8046 8057 8057 8056 8056 8067 8067 8066 8066 8077 8077 8076 8076 8087 8087 8086 8086 8097 8097 8096 8096 8107 8107 8106 8106 8117 8117 8116 8116 0 0 0 0
8007 8007 8006 8006 8012 8012 8011 8011 8027 8027 8026 8026 8037 8037 8036 8036 8047 8047 8046 8046 8057 8057 8056 8056 8067 8067 8066 8066 8077 8077 8076 8076 8087 8087 8086 8086 8097 8097 8096 8096 8107 8107 8106 8106 8117 8117 8116 8116 0 0 0 0
8016 8016 8017 8017 8021 8021 8022 8022 8031 8031 8032 8032 8041 8041 8042 8042 8051 8051 8052 8052 8061 8061 8062 8062 8071 8071 8072 8072 8081 8081 8082 8082 8091 8091 8092 8092 8101 8101 8102 8102 8111 8111 8112 8112 8121 8121 8122 8122 0 0 0 0
8016 8016 8017 8017 8021 8021 8022 8022 8031 8031 8032 8032 8041 8041 8042 8042 8051 8051 8052 8052 8061 8061 8062 8062 8071 8071 8072 8072 8081 8081 8082 8082 8091 8091 8092 8092 8101 8101 8102 8102 8111 8111 8112 8112 8121 8121 8122 8122 0 0 0 0
8017 8017 8016 8016 8022 8022 8021 8021 8032 8032 8031 8031 8042 8042 8041 8041 8052 8052 8051 8051 8062 8062 8061 8061 8072 8072 8071 8071 8082 8082 8081 8081 8092 8092 8091 8091 8102 8102 8101 8101 8112 8112 8111 8111 8122 8122 8121 8121 0 0 0 0
8017 8017 8016 8016 8022 8022 8021 8021 8032 8032 8031 8031 8042 8042 8041 8041 8052 8052 8051 8051 8062 8062 8061 8061 8072 8072 8071 8071 8082 8082 8081 8081 8092 8092 8091 8091 8102 8102 8101 8101 8112 8112 8111 8111 8122 8122 8121 8121 0 0 0 0
8126 8126 8127 8127 8131 8131 8132 8132 8136 8136 8137 8137 8141 8141 8142 8142 8146 8146 8147 8147 8151 8151 8152 8152 8156 8156 8157 8157 8161 8161 8162 8162 8166 8166 8167 8167 8171 8171 8172 8172 8176 8176 8177 8177 8181 8181 8182 8182 0 0 0 0
8126 8126 8127 8127 8131 8131 8132 8132 8136 8136 8137 8137 8141 8141 8142 8142 8146 8146 8147 8147 8151 8151 8152 8152 8156 8156 8157 8157 8161 8161 8162 8162 8166 8166 8167 8167 8171 8171 8172 8172 8176 8176 8177 8177 8181 8181 8182 8182 0 0 0 0
8127 8127 8126 8126 8132 8132 8131 8131 8137 8137 8136 8136 8142 8142 8141 8141 8147 8147 8146 8146 8152 8152 8151 8151 8157 8157 8156 8156 8162 8162 8161 8161 8167 8167 8166 8166 8172 8172 8171 8171 8177 8177 8176 8176 8182 8182 8181 8181 0 0 0 0
8127 8127 8126 8126 8132 8132 8131 8131 8137 8137 8136 8136 8142 8142 8141 8141 8147 8147 8146 8146 8152 8152 8151 8151 8157 8157 8156 8156 8162 8162 8161 8161 8167 8167 8166 8166 8172 8172 8171 8171 8177 8177 8176 8176 8182 8182 8181 8181 0 0 0 0
8186 8186 8187 8187 8191 8191 8192 8192 8196 8196 8197 8197 8201 8201 8202 8202 8206 8206 8207 8207 8211 8211 8212 8212 8216 8216 8217 8217 8221 8221 8222 8222 8226 8226 8227 8227 8231 8231 8232 8232 8236 8236 8237 8237 8241 8241 8242 8242 0 0 0 0
8186 8186 8187 8187 8191 8191 8192 8192 8196 8196 8197 8197 8201 8201 8202 8202 8206 8206 8207 8207 8211 8211 8212 8212 8216 8216 8217 8217 8221 8221 8222 8222 8226 8226 8227 8227 8231 8231 8232 8232 8236 8236 8237 8237 8241 8241 8242 8242 0 0 0 0
8187 8187 8186 8186 8192 8192 8191 8191 8197 8197 8196 8196 8202 8202 8201 8201 8207 8207 8206 8206 8212 8212 8211 8211 8217 8217 8216 8216 8222 8222 8221 8221 8227 8227 8226 8226 8232 8232 8231 8231 8237 8237 8236 8236 8242 8242 8241 8241 0 0 0 0
8187 8187 8186 8186 8192 8192 8191 8191 8197 8197 8196 8196 8202 8202 8201 8201 8207 8207 8206 8206 8212 8212 8211 8211 8217 8217 8216 8216 8222 8222 8221 8221 8227 8227 8226 8226 8232 8232 8231 8231 8237 8237 8236 8236 8242 8242 8241 8241 0 0 0 0
8246 8246 8247 8247 8251 8251 8252 8252 8256 8256 8257 8257 261 261 261 261 266 266 266 266 271 271 271 271 276 276 276 276 304 304 304 0 346 351 351 356 356 361 361 366 366 371 371 376 376 381 381 0 0 0 0 0
8246 8246 8247 8247 8251 8251 8252 8252 8256 8256 8257 8257 282 282 287 287 292 292 297 297 331 331 326 326 321 321 316 316 311 311 304 346 346 386 351 351 356 356 361 361 366 366 371 371 376 376 381 381 0 0 0 0
8247 8247 8246 8246 8252 8252 8251 8251 8257 8257 8256 8256 282 282 287 287 292 292 297 297 336 331 331 326 326 321 321 316 316 311 311 346 386 386 391 487 0 572 0 0 747 0 0 777 777 782 782 792 792 0 0 0
8247 8247 8246 8246 8252 8252 8251 8251 8257 8257 8256 8256 452 452 457 457 462 462 0 336 336 341 416 416 411 411 406 406 401 401 396 396 386 391 391 487 487 572 572 742 747 747 777 777 782 782 792 792 0 0 0 0
0 1132 1132 1127 1127 1122 1122 1117 1117 1107 1107 452 452 457 457 462 462 467 467 336 341 341 421 416 416 411 411 406 406 401 401 396 396 391 482 482 487 567 572 742 742 747 772 772 787 787 797 797 0 0 0 0
1132 1132 1127 1127 1122 1122 1117 1117 1107 1107 1152 1152 1157 1157 0 492 467 467 472 472 341 421 421 427 427 432 432 437 437 442 442 447 447 482 482 497 497 567 567 737 742 772 772 787 787 797 797 982 982 0 0 0
0 1307 1307 1302 1302 1297 1297 1292 1292 1152 1152 1157 1157 1162 1162 492 492 472 472 477 477 421 427 427 432 432 437 437 442 442 447 447 502 502 497 497 562 562 567 737 737 767 0 837 0 977 982 982 0 0 0 0
1307 1307 1302 1302 1297 1297 1292 1292 1337 1337 1342 1342 1162 1162 0 537 492 507 477 477 512 512 517 517 522 522 527 527 532 532 542 502 502 547 547 562 562 577 577 732 737 767 767 837 837 977 977 0 0 0 0 0
0 1427 1427 1422 1422 1412 1412 1337 1337 1342 1342 1367 1367 1372 1372 537 537 507 507 512 512 517 517 522 522 527 527 532 532 552 542 542 547 547 642 0 577 577 727 732 732 762 767 832 837 972 977 0 0 0 0 0
1427 1427 1422 1422 1412 1412 1447 1447 1452 1452 1367 1367 1372 1372 0 587 537 582 507 0 632 632 627 627 622 622 617 617 592 552 552 542 557 557 642 642 0 722 727 727 732 762 762 832 832 972 972 0 0 0 0 0
0 0 0 0 0 1447 1447 1452 1452 1457 1457 1462 1462 1467 1467 587 587 582 582 632 632 627 627 622 622 617 617 612 592 592 552 557 557 637 637 642 717 722 722 727 752 752 762 827 832 967 972 0 0 0 0 0
0 0 0 0 0 0 0 0 1457 1457 1462 1462 1467 1467 0 602 587 597 582 0 682 682 677 677 672 672 647 612 612 592 607 607 637 637 652 652 717 717 722 752 752 802 802 827 827 967 967 0 0 0 0 0
0 0 0 0 0 0 0 0 0 0 0 0 0 0 0 602 602 597 597 682 682 677 677 672 672 667 647 647 612 607 607 657 657 652 652 707 707 717 807 807 802 802 822 822 827 962 967 0 0 0 0 0
0 0 0 0 0 0 0 0 0 0 0 0 0 0 0 692 602 687 597 0 862 862 857 857 697 667 667 647 662 662 657 657 702 702 707 707 812 807 807 817 817 822 822 842 842 962 962 0 0 0 0 0
0 0 0 0 0 0 0 0 0 0 0 0 0 0 0 692 692 687 687 862 862 857 857 852 697 697 667 662 662 712 712 702 702 867 867 872 812 812 817 817 847 847 842 842 957 957 962 0 0 0 0 0
0 0 0 0 0 0 0 0 0 0 0 0 0 0 0 897 692 892 687 0 912 912 902 852 852 697 757 757 712 712 877 877 867 867 882 872 872 812 932 847 847 937 937 957 957 987 987 0 0 0 0 0
0 0 0 0 0 0 0 0 0 0 0 0 0 0 0 897 897 892 892 912 912 917 902 902 852 757 757 887 887 877 877 992 992 997 882 882 872 942 932 932 937 937 1062 0 987 987 1227 0 0 0 0 0
0 0 0 0 0 0 0 0 0 0 0 0 0 0 0 0 897 0 892 922 922 917 917 902 907 907 887 887 1002 1002 992 992 1007 997 997 882 947 942 942 932 952 952 1062 1062 0 1217 1227 1227 0 0 0 0
0 0 0 0 0 0 0 0 0 0 0 0 0 0 0 0 0 0 922 922 927 927 917 907 907 1012 1012 1002 1002 1032 1032 1037 1007 1007 997 1017 947 947 942 952 952 1057 1057 1062 1212 1217 1217 1227 0 0 0 0
0 0 0 0 0 0 0 0 0 0 0 0 0 0 0 0 0 0 1082 927 927 1067 1067 1072 1012 1012 1042 1042 1032 1032 1047 1037 1037 1007 1022 1017 1017 947 1027 1027 1057 1057 1087 1087 1212 1212 1217 1242 1242 0 0 0
0 0 0 0 0 0 0 0 0 0 0 0 0 0 0 0 0 1177 1082 1082 1067 1067 1077 1072 1072 1042 1042 1097 1097 1102 1047 1047 1037 1052 1022 1022 1017 1027 1027 1092 1092 1087 1087 1207 1207 1212 1242 1242 0 0 0 0
0 0 0 0 0 0 0 0 0 0 0 0 0 0 0 0 0 1177 1177 1082 1137 1137 1077 1077 1072 1182 1097 1097 1142 1102 1102 1047 1147 1052 1052 1022 1112 1112 1092 1092 1197 1197 1207 1207 1247 1247 1252 1252 0 0 0 0
0 0 0 0 0 0 0 0 0 0 0 0 0 0 0 0 0 1272 1177 1137 1137 1167 1167 1077 1192 1182 1182 1187 1142 1142 1102 1172 1147 1147 1052 1112 1112 1202 1202 1197 1197 1257 1257 1247 1247 1252 1252 1287 1287 0 0 0
0 0 0 0 0 0 0 0 0 0 0 0 0 0 0 0 0 1272 1272 1267 1167 1167 1232 1232 1192 1192 1182 1187 1187 1142 1237 1172 1172 1147 1222 1222 1202 1202 1262 1262 1257 1257 1277 1277 1282 1282 1287 1287 0 0 0 0
0 0 0 0 0 0 0 0 0 0 0 0 0 0 0 0 0 1397 1272 1267 1267 1232 1232 1312 1312 1192 1317 1317 1187 1322 1237 1237 1172 1222 1222 1327 1327 1262 1262 1332 1332 1277 1277 1282 1282 1377 1377 1382 1382 0 0 0
0 0 0 0 0 0 0 0 0 0 0 0 0 0 0 0 0 1397 1397 1392 1267 1387 1312 1312 1357 1317 1317 1352 1352 1322 1322 1237 1347 1347 1327 1327 1362 1362 1332 1332 1402 1402 1407 1407 1377 1377 1382 1382 0 0 0 0
0 0 0 0 0 0 0 0 0 0 0 0 0 0 0 0 0 0 1397 1392 1392 1387 1387 1417 1357 1357 1352 1352 1432 1432 1322 1347 1347 1437 1437 1362 1362 1442 1442 1402 1402 1407 1407 1477 1477 1482 1482 0 0 0 0 0
0 0 0 0 0 0 0 0 0 0 0 0 0 0 0 0 0 0 0 0 1392 0 1387 1417 1417 1357 0 1432 1432 0 0 0 1437 1437 1472 1472 1442 1442 0 0 0 0 1477 1477 1482 1482 0 0 0 0 0 0
0 0 0 0 0 0 0 0 0 0 0 0 0 0 0 0 0 0 0 0 0 0 0 0 1417 0 0 0 0 0 0 0 0 1472 1472 0 0 0 0 0 0 0 0 0 0 0 0 0 0 0 0 0
0 0 0 0 0 0 0 0 0 0 0 0 0 0 0 0 0 0 0 0 0 0 0 0 0 0 0 0 0 0 0 0 0 0 0 0 0 0 0 0 0 0 0 0 0 0 0 0 0 0 0 0
0 0 0 0 0 0 0 0 0 0 0 0 0 0 0 0 0 0 0 0 0 0 0 0 0 0 0 0 0 0 0 0 0 0 0 0 0 0 0 0 0 0 0 0 0 0 0 0 0 0 0 0
0 0 0 0 0 0 0 0 0 0 0 0 0 0 0 0 0 0 0 0 0 0 0 0 0 0 0 0 0 0 0 0 0 0 0 0 0 0 0 0 0 0 0 0 0 0 0 0 0 0 0 0
0 0 0 0 0 0 0 0 0 0 0 0 0 0 0 0 0 0 0 0 0 0 0 0 0 0 0 0 0 0 0 0 0 0 0 0 0 0 0 0 0 0 0 0 0 0 0 0 0 0 0 0
0 0 0 0 0 0 0 0 0 0 0 0 0 0 0 0 0 0 0 0 0 0 0 0 0 0 0 0 0 0 0 0 0 0 0 0 0 0 0 0 0 0 0 0 0 0 0 0 0 0 0 0
0 0 0 0 0 0 0 0 0 0 0 0 0 0 0 0 0 0 0 0 0 0 0 0 0 0 0 0 0 0 0 0 0 0 0 0 0 0 0 0 0 0 0 0 0 0 0 0 0 0 0 0
0 0 0 0 0 0 0 0 0 0 0 0 0 0 0 0 0 0 0 0 0 0 0 0 0 0 0 0 0 0 0 0 0 0 0 0 0 0 0 0 0 0 0 0 0 0 0 0 0 0 0 0
