800904
Zlaganje

215
46 46
8006 8006 8007 8007 8011 8011 8012 8012 8026 8026 8027 8027 8036 8036 8037 8037 8046 8046 8047 8047 8056 8056 8057 8057 8066 8066 8067 8067 8076 8076 8077 8077 8086 8086 8087 8087 8096 8096 8097 8097 8106 8106 8107 8107 0 0
8006 8006 8007 8007 8011 8011 8012 8012 8026 8026 8027 8027 8036 8036 8037 8037 8046 8046 8047 8047 8056 8056 8057 8057 8066 8066 8067 8067 8076 8076 8077 8077 8086 8086 8087 8087 8096 8096 8097 8097 8106 8106 8107 8107 0 0
8007 8007 8006 8006 8012 8012 8011 8011 8027 8027 8026 8026 8037 8037 8036 8036 8047 8047 8046 8046 8057 8057 8056 8056 8067 8067 8066 8066 8077 8077 8076 8076 8087 8087 8086 8086 8097 8097 8096 8096 8107 8107 8106 8106 0 0
8007 8007 8006 8006 8012 8012 8011 8011 8027 8027 8026 8026 8037 8037 8036 8036 8047 8047 8046 8046 8057 8057 8056 8056 8067 8067 8066 8066 8077 8077 8076 8076 8087 8087 8086 8086 8097 8097 8096 8096 8107 8107 8106 8106 0 0
8016 8016 8017 8017 8021 8021 8022 8022 8031 8031 8032 8032 8041 8041 8042 8042 8051 8051 8052 8052 8061 8061 8062 8062 8071 8071 8072 8072 8081 8081 8082 8082 8091 8091 8092 8092 8101 8101 8102 8102 8111 8111 8112 8112 0 0
8016 8016 8017 8017 8021 8021 8022 8022 8031 8031 8032 8032 8041 8041 8042 8042 8051 8051 8052 8052 8061 8061 8062 8062 8071 8071 8072 8072 8081 8081 8082 8082 8091 8091 8092 8092 8101 8101 8102 8102 8111 8111 8112 8112 0 0
8017 8017 8016 8016 8022 8022 8021 8021 8032 8032 8031 8031 8042 8042 8041 8041 8052 8052 8051 8051 8062 8062 8061 8061 8072 8072 8071 8071 8082 8082 8081 8081 8092 8092 8091 8091 8102 8102 8101 8101 8112 8112 8111 8111 0 0
8017 8017 8016 8016 8022 8022 8021 8021 8032 8032 8031 8031 8042 8042 8041 8041 8052 8052 8051 8051 8062 8062 8061 8061 8072 8072 8071 8071 8082 8082 8081 8081 8092 8092 8091 8091 8102 8102 8101 8101 8112 8112 8111 8111 0 0
8116 8116 8117 8117 8121 8121 8122 8122 8126 8126 8127 8127 8131 8131 8132 8132 8136 8136 8137 8137 8141 8141 8142 8142 8146 8146 8147 8147 8151 8151 8152 8152 8156 8156 8157 8157 8161 8161 8162 8162 8166 8166 8167 8167 0 0
8116 8116 8117 8117 8121 8121 8122 8122 8126 8126 8127 8127 8131 8131 8132 8132 8136 8136 8137 8137 8141 8141 8142 8142 8146 8146 8147 8147 8151 8151 8152 8152 8156 8156 8157 8157 8161 8161 8162 8162 8166 8166 8167 8167 0 0
8117 8117 8116 8116 8122 8122 8121 8121 8127 8127 8126 8126 8132 8132 8131 8131 8137 8137 8136 8136 8142 8142 8141 8141 8147 8147 8146 8146 8152 8152 8151 8151 8157 8157 8156 8156 8162 8162 8161 8161 8167 8167 8166 8166 0 0
8117 8117 8116 8116 8122 8122 8121 8121 8127 8127 8126 8126 8132 8132 8131 8131 8137 8137 8136 8136 8142 8142 8141 8141 8147 8147 8146 8146 8152 8152 8151 8151 8157 8157 8156 8156 8162 8162 8161 8161 8167 8167 8166 8166 0 0
8171 8171 8172 8172 8176 8176 8177 8177 8181 8181 8182 8182 8186 8186 8187 8187 8191 8191 8192 8192 8196 8196 8197 8197 8201 8201 8202 8202 8206 8206 8207 8207 8211 8211 8212 8212 8216 8216 8217 8217 8221 8221 8222 8222 0 0
8171 8171 8172 8172 8176 8176 8177 8177 8181 8181 8182 8182 8186 8186 8187 8187 8191 8191 8192 8192 8196 8196 8197 8197 8201 8201 8202 8202 8206 8206 8207 8207 8211 8211 8212 8212 8216 8216 8217 8217 8221 8221 8222 8222 0 0
8172 8172 8171 8171 8177 8177 8176 8176 8182 8182 8181 8181 8187 8187 8186 8186 8192 8192 8191 8191 8197 8197 8196 8196 8202 8202 8201 8201 8207 8207 8206 8206 8212 8212 8211 8211 8217 8217 8216 8216 8222 8222 8221 8221 0 0
8172 8172 8171 8171 8177 8177 8176 8176 8182 8182 8181 8181 8187 8187 8186 8186 8192 8192 8191 8191 8197 8197 8196 8196 8202 8202 8201 8201 8207 8207 8206 8206 8212 8212 8211 8211 8217 8217 8216 8216 8222 8222 8221 8221 0 0
8226 8226 8227 8227 8231 8231 8232 8232 8236 8236 8237 8237 8241 8241 8242 8242 8246 8246 8247 8247 8251 8251 8252 8252 8256 8256 8257 8257 8261 8261 8262 8262 8266 8266 8267 8267 8271 8271 8272 8272 8276 8276 8277 8277 0 0
8226 8226 8227 8227 8231 8231 8232 8232 8236 8236 8237 8237 8241 8241 8242 8242 8246 8246 8247 8247 8251 8251 8252 8252 8256 8256 8257 8257 8261 8261 8262 8262 8266 8266 8267 8267 8271 8271 8272 8272 8276 8276 8277 8277 0 0
8227 8227 8226 8226 8232 8232 8231 8231 8237 8237 8236 8236 8242 8242 8241 8241 8247 8247 8246 8246 8252 8252 8251 8251 8257 8257 8256 8256 8262 8262 8261 8261 8267 8267 8266 8266 8272 8272 8271 8271 8277 8277 8276 8276 0 0
8227 8227 8226 8226 8232 8232 8231 8231 8237 8237 8236 8236 8242 8242 8241 8241 8247 8247 8246 8246 8252 8252 8251 8251 8257 8257 8256 8256 8262 8262 8261 8261 8267 8267 8266 8266 8272 8272 8271 8271 8277 8277 8276 8276 0 0
8281 8281 8282 8282 8286 8286 8287 8287 8291 8291 8292 8292 8296 8296 8297 8297 8301 8301 8302 8302 8306 8306 8307 8307 8311 8311 8312 8312 8316 8316 8317 8317 8321 8321 8322 8322 8326 8326 8327 8327 8331 8331 8332 8332 0 0
8281 8281 8282 8282 8286 8286 8287 8287 8291 8291 8292 8292 8296 8296 8297 8297 8301 8301 8302 8302 8306 8306 8307 8307 8311 8311 8312 8312 8316 8316 8317 8317 8321 8321 8322 8322 8326 8326 8327 8327 8331 8331 8332 8332 0 0
8282 8282 8281 8281 8287 8287 8286 8286 8292 8292 8291 8291 8297 8297 8296 8296 8302 8302 8301 8301 8307 8307 8306 8306 8312 8312 8311 8311 8317 8317 8316 8316 8322 8322 8321 8321 8327 8327 8326 8326 8332 8332 8331 8331 0 0
8282 8282 8281 8281 8287 8287 8286 8286 8292 8292 8291 8291 8297 8297 8296 8296 8302 8302 8301 8301 8307 8307 8306 8306 8312 8312 8311 8311 8317 8317 8316 8316 8322 8322 8321 8321 8327 8327 8326 8326 8332 8332 8331 8331 0 0
8336 8336 8337 8337 8341 8341 8342 8342 8346 8346 8347 8347 8351 8351 8352 8352 8356 8356 8357 8357 8361 8361 8362 8362 366 366 366 366 371 371 371 371 376 376 376 376 381 381 381 381 386 386 386 386 0 0
8336 8336 8337 8337 8341 8341 8342 8342 8346 8346 8347 8347 8351 8351 8352 8352 8356 8356 8357 8357 8361 8361 8362 8362 391 391 391 391 396 396 396 396 422 422 427 427 433 433 433 438 443 443 443 0 0 0
8337 8337 8336 8336 8342 8342 8341 8341 8347 8347 8346 8346 8352 8352 8351 8351 8357 8357 8356 8356 8362 8362 8361 8361 402 402 407 407 412 412 417 417 422 422 427 427 433 438 438 438 443 448 0 0 0 0
8337 8337 8336 8336 8342 8342 8341 8341 8347 8347 8346 8346 8352 8352 8351 8351 8357 8357 8356 8356 8362 8362 8361 8361 402 402 407 407 412 412 417 417 453 458 458 458 464 464 464 448 448 448 0 0 0 0
0 0 0 0 0 532 526 526 521 521 516 516 511 511 506 506 501 501 496 496 485 485 485 479 479 479 474 469 469 469 453 453 453 458 537 537 542 542 464 547 547 552 552 0 0 0
0 0 0 0 0 532 532 526 526 521 521 516 516 511 511 506 506 501 501 496 496 485 490 490 490 479 474 474 474 469 557 557 562 537 537 542 542 0 547 547 552 552 0 0 0 0
0 0 0 0 0 0 532 0 0 0 0 0 0 0 0 0 0 0 0 0 0 0 0 490 0 0 0 0 0 557 557 0 562 562 0 0 0 0 0 0 0 0 0 0 0 0
0 0 0 0 0 0 0 0 0 0 0 0 0 0 0 0 0 0 0 0 0 0 0 0 0 0 0 0 0 0 0 0 0 562 0 0 0 0 0 0 0 0 0 0 0 0
0 0 0 0 0 0 0 0 0 0 0 0 0 0 0 0 0 0 0 0 0 0 0 0 0 0 0 0 0 0 0 0 0 0 0 0 0 0 0 0 0 0 0 0 0 0
0 0 0 0 0 0 0 0 0 0 0 0 0 0 0 0 0 0 0 0 0 0 0 0 0 0 0 0 0 0 0 0 0 0 0 0 0 0 0 0 0 0 0 0 0 0
0 0 0 0 0 0 0 0 0 0 0 0 0 0 0 0 0 0 0 0 0 0 0 0 0 0 0 0 0 0 0 0 0 0 0 0 0 0 0 0 0 0 0 0 0 0
0 0 0 0 0 0 0 0 0 0 0 0 0 0 0 0 0 0 0 0 0 0 0 0 0 0 0 0 0 0 0 0 0 0 0 0 0 0 0 0 0 0 0 0 0 0
0 0 0 0 0 0 0 0 0 0 0 0 0 0 0 0 0 0 0 0 0 0 0 0 0 0 0 0 0 0 0 0 0 0 0 0 0 0 0 0 0 0 0 0 0 0
0 0 0 0 0 0 0 0 0 0 0 0 0 0 0 0 0 0 0 0 0 0 0 0 0 0 0 0 0 0 0 0 0 0 0 0 0 0 0 0 0 0 0 0 0 0
0 0 0 0 0 0 0 0 0 0 0 0 0 0 0 0 0 0 0 0 0 0 0 0 0 0 0 0 0 0 0 0 0 0 0 0 0 0 0 0 0 0 0 0 0 0
0 0 0 0 0 0 0 0 0 0 0 0 0 0 0 0 0 0 0 0 0 0 0 0 0 0 0 0 0 0 0 0 0 0 0 0 0 0 0 0 0 0 0 0 0 0
0 0 0 0 0 0 0 0 0 0 0 0 0 0 0 0 0 0 0 0 0 0 0 0 0 0 0 0 0 0 0 0 0 0 0 0 0 0 0 0 0 0 0 0 0 0
0 0 0 0 0 0 0 0 0 0 0 0 0 0 0 0 0 0 0 0 0 0 0 0 0 0 0 0 0 0 0 0 0 0 0 0 0 0 0 0 0 0 0 0 0 0
0 0 0 0 0 0 0 0 0 0 0 0 0 0 0 0 0 0 0 0 0 0 0 0 0 0 0 0 0 0 0 0 0 0 0 0 0 0 0 0 0 0 0 0 0 0
0 0 0 0 0 0 0 0 0 0 0 0 0 0 0 0 0 0 0 0 0 0 0 0 0 0 0 0 0 0 0 0 0 0 0 0 0 0 0 0 0 0 0 0 0 0
0 0 0 0 0 0 0 0 0 0 0 0 0 0 0 0 0 0 0 0 0 0 0 0 0 0 0 0 0 0 0 0 0 0 0 0 0 0 0 0 0 0 0 0 0 0
0 0 0 0 0 0 0 0 0 0 0 0 0 0 0 0 0 0 0 0 0 0 0 0 0 0 0 0 0 0 0 0 0 0 0 0 0 0 0 0 0 0 0 0 0 0
