800904
Zlaganje

231
52 52
4002 4002 4002 4002 4007 4007 4007 4007 4022 4022 4022 4022 4032 4032 4032 4032 4042 4042 4042 4042 4052 4052 4052 4052 4062 4062 4062 4062 4072 4072 4072 4072 4082 4082 4082 4082 4092 4092 4092 4092 4102 4102 4102 4102    0    0    0
4003 4003 4003 4003 4008 4008 4008 4008 4023 4023 4023 4023 4033 4033 4033 4033 4043 4043 4043 4043 4053 4053 4053 4053 4063 4063 4063 4063 4073 4073 4073 4073 4083 4083 4083 4083 4093 4093 4093 4093 4103 4103 4103 4103    0    0    0
4002 4002 4002 4002 4007 4007 4007 4007 4022 4022 4022 4022 4032 4032 4032 4032 4042 4042 4042 4042 4052 4052 4052 4052 4062 4062 4062 4062 4072 4072 4072 4072 4082 4082 4082 4082 4092 4092 4092 4092 4102 4102 4102 4102    0    0    0
4003 4003 4003 4003 4008 4008 4008 4008 4023 4023 4023 4023 4033 4033 4033 4033 4043 4043 4043 4043 4053 4053 4053 4053 4063 4063 4063 4063 4073 4073 4073 4073 4083 4083 4083 4083 4093 4093 4093 4093 4103 4103 4103 4103    0    0    0
4012 4012 4012 4012 4017 4017 4017 4017 4027 4027 4027 4027 4037 4037 4037 4037 4047 4047 4047 4047 4057 4057 4057 4057 4067 4067 4067 4067 4077 4077 4077 4077 4087 4087 4087 4087 4097 4097 4097 4097 4107 4107 4107 4107    0    0    0
4013 4013 4013 4013 4018 4018 4018 4018 4028 4028 4028 4028 4038 4038 4038 4038 4048 4048 4048 4048 4058 4058 4058 4058 4068 4068 4068 4068 4078 4078 4078 4078 4088 4088 4088 4088 4098 4098 4098 4098 4108 4108 4108 4108    0    0    0
4012 4012 4012 4012 4017 4017 4017 4017 4027 4027 4027 4027 4037 4037 4037 4037 4047 4047 4047 4047 4057 4057 4057 4057 4067 4067 4067 4067 4077 4077 4077 4077 4087 4087 4087 4087 4097 4097 4097 4097 4107 4107 4107 4107    0    0    0
4013 4013 4013 4013 4018 4018 4018 4018 4028 4028 4028 4028 4038 4038 4038 4038 4048 4048 4048 4048 4058 4058 4058 4058 4068 4068 4068 4068 4078 4078 4078 4078 4088 4088 4088 4088 4098 4098 4098 4098 4108 4108 4108 4108    0    0    0
4112 4112 4112 4112 4117 4117 4117 4117 4122 4122 4122 4122 4127 4127 4127 4127 4132 4132 4132 4132 4137 4137 4137 4137 4142 4142 4142 4142 4147 4147 4147 4147 4152 4152 4152 4152 4157 4157 4157 4157 4162 4162 4162 4162    0    0    0
4113 4113 4113 4113 4118 4118 4118 4118 4123 4123 4123 4123 4128 4128 4128 4128 4133 4133 4133 4133 4138 4138 4138 4138 4143 4143 4143 4143 4148 4148 4148 4148 4153 4153 4153 4153 4158 4158 4158 4158 4163 4163 4163 4163    0    0    0
4112 4112 4112 4112 4117 4117 4117 4117 4122 4122 4122 4122 4127 4127 4127 4127 4132 4132 4132 4132 4137 4137 4137 4137 4142 4142 4142 4142 4147 4147 4147 4147 4152 4152 4152 4152 4157 4157 4157 4157 4162 4162 4162 4162    0    0    0
4113 4113 4113 4113 4118 4118 4118 4118 4123 4123 4123 4123 4128 4128 4128 4128 4133 4133 4133 4133 4138 4138 4138 4138 4143 4143 4143 4143 4148 4148 4148 4148 4153 4153 4153 4153 4158 4158 4158 4158 4163 4163 4163 4163    0    0    0
4167 4167 4167 4167 4172 4172 4172 4172 4177 4177 4177 4177 4182 4182 4182 4182 4187 4187 4187 4187 4192 4192 4192 4192 4197 4197 4197 4197 4202 4202 4202 4202 4207 4207 4207 4207 4212 4212 4212 4212 4217 4217 4217 4217    0    0    0
4168 4168 4168 4168 4173 4173 4173 4173 4178 4178 4178 4178 4183 4183 4183 4183 4188 4188 4188 4188 4193 4193 4193 4193 4198 4198 4198 4198 4203 4203 4203 4203 4208 4208 4208 4208 4213 4213 4213 4213 4218 4218 4218 4218    0    0    0
4167 4167 4167 4167 4172 4172 4172 4172 4177 4177 4177 4177 4182 4182 4182 4182 4187 4187 4187 4187 4192 4192 4192 4192 4197 4197 4197 4197 4202 4202 4202 4202 4207 4207 4207 4207 4212 4212 4212 4212 4217 4217 4217 4217    0    0    0
4168 4168 4168 4168 4173 4173 4173 4173 4178 4178 4178 4178 4183 4183 4183 4183 4188 4188 4188 4188 4193 4193 4193 4193 4198 4198 4198 4198 4203 4203 4203 4203 4208 4208 4208 4208 4213 4213 4213 4213 4218 4218 4218 4218    0    0    0
4222 4222 4222 4222 4227 4227 4227 4227 4232 4232 4232 4232 4237 4237 4237 4237 4242 4242 4242 4242 4247 4247 4247 4247 4252 4252 4252 4252 4257 4257 4257 4257 4262 4262 4262 4262 4267 4267 4267 4267 4272 4272 4272 4272    0    0    0
4223 4223 4223 4223 4228 4228 4228 4228 4233 4233 4233 4233 4238 4238 4238 4238 4243 4243 4243 4243 4248 4248 4248 4248 4253 4253 4253 4253 4258 4258 4258 4258 4263 4263 4263 4263 4268 4268 4268 4268 4273 4273 4273 4273    0    0    0
4222 4222 4222 4222 4227 4227 4227 4227 4232 4232 4232 4232 4237 4237 4237 4237 4242 4242 4242 4242 4247 4247 4247 4247 4252 4252 4252 4252 4257 4257 4257 4257 4262 4262 4262 4262 4267 4267 4267 4267 4272 4272 4272 4272    0    0    0
4223 4223 4223 4223 4228 4228 4228 4228 4233 4233 4233 4233 4238 4238 4238 4238 4243 4243 4243 4243 4248 4248 4248 4248 4253 4253 4253 4253 4258 4258 4258 4258 4263 4263 4263 4263 4268 4268 4268 4268 4273 4273 4273 4273    0    0    0
4277 4277 4277 4277 4282 4282 4282 4282 4287 4287 4287 4287 4292 4292 4292 4292 4297 4297 4297 4297 4302 4302 4302 4302 4307 4307 4307 4307 4312 4312 4312 4312 4317 4317 4317 4317 4322 4322 4322 4322 4327 4327 4327 4327    0    0    0
4278 4278 4278 4278 4283 4283 4283 4283 4288 4288 4288 4288 4293 4293 4293 4293 4298 4298 4298 4298 4303 4303 4303 4303 4308 4308 4308 4308 4313 4313 4313 4313 4318 4318 4318 4318 4323 4323 4323 4323 4328 4328 4328 4328    0    0    0
4277 4277 4277 4277 4282 4282 4282 4282 4287 4287 4287 4287 4292 4292 4292 4292 4297 4297 4297 4297 4302 4302 4302 4302 4307 4307 4307 4307 4312 4312 4312 4312 4317 4317 4317 4317 4322 4322 4322 4322 4327 4327 4327 4327    0    0    0
4278 4278 4278 4278 4283 4283 4283 4283 4288 4288 4288 4288 4293 4293 4293 4293 4298 4298 4298 4298 4303 4303 4303 4303 4308 4308 4308 4308 4313 4313 4313 4313 4318 4318 4318 4318 4323 4323 4323 4323 4328 4328 4328 4328    0    0    0
4332 4332 4332 4332 4337 4337 4337 4337 4342 4342 4342 4342 4347 4347 4347 4347 4352 4352 4352 4352 8361 8361 8362 8362 8366 8366 8367 8367 8371 8371 8372 8372 8376 8376 8377 8377 8381 8381 8382 8382  386  386  386  386    0    0    0
4333 4333 4333 4333 4338 4338 4338 4338 4343 4343 4343 4343 4348 4348 4348 4348 4353 4353 4353 4353 8361 8361 8362 8362 8366 8366 8367 8367 8371 8371 8372 8372 8376 8376 8377 8377 8381 8381 8382 8382  391  391  391  391    0    0    0
4332 4332 4332 4332 4337 4337 4337 4337 4342 4342 4342 4342 4347 4347 4347 4347 4352 4352 4352 4352 8362 8362 8361 8361 8367 8367 8366 8366 8372 8372 8371 8371 8377 8377 8376 8376 8382 8382 8381 8381  396  396  396  396    0    0    0
4333 4333 4333 4333 4338 4338 4338 4338 4343 4343 4343 4343 4348 4348 4348 4348 4353 4353 4353 4353 8362 8362 8361 8361 8367 8367 8366 8366 8372 8372 8371 8371 8377 8377 8376 8376 8382 8382 8381 8381  401  401  401  401    0    0    0
 406  406  406  406  411  411  411  411  417  417  422  422  427  427  432  432  439  444  444  449  449  449  516  516  521  521  526  526  531  531  536  536  541  541  546  546  551  551  556  556  561  561    0    0    0    0    0
 476  476  471  471  466  466  461  461  417  417  422  422  427  427  432  432  439  444  455  455  455  449  511  516  516  521  521  526  526  531  531  536  536  541  541  546  546  551  551  556  556  561  561    0    0    0    0
 597  476  476  471  471  466  466  461  461  491  491  486  486  481  481  439  439  444  496  455  506  511  511  566    0    0    0    0    0    0    0    0    0    0    0    0    0    0    0    0    0    0    0    0    0    0    0
 597  597  591  591  586  586  581  581  576  576  491  491  486  486  481  481  501  496  496  506  506  511  566  566    0    0    0    0    0    0    0    0    0    0    0    0    0    0    0    0    0    0    0    0    0    0    0
 607  597  602  591  591  586  586  581  581  576  576  612  612  617  617  501  501  496  622  506  571  571  566    0    0    0    0    0    0    0    0    0    0    0    0    0    0    0    0    0    0    0    0    0    0    0    0
 607  607  602  602    0    0    0    0    0    0  612  612  617  617    0  501    0    0  622  622    0  571  571    0    0    0    0    0    0    0    0    0    0    0    0    0    0    0    0    0    0    0    0    0    0    0    0
   0  607    0  602    0    0    0    0    0    0    0    0    0    0    0    0    0    0    0  622    0    0    0    0    0    0    0    0    0    0    0    0    0    0    0    0    0    0    0    0    0    0    0    0    0    0    0
   0    0    0    0    0    0    0    0    0    0    0    0    0    0    0    0    0    0    0    0    0    0    0    0    0    0    0    0    0    0    0    0    0    0    0    0    0    0    0    0    0    0    0    0    0    0    0
   0    0    0    0    0    0    0    0    0    0    0    0    0    0    0    0    0    0    0    0    0    0    0    0    0    0    0    0    0    0    0    0    0    0    0    0    0    0    0    0    0    0    0    0    0    0    0
   0    0    0    0    0    0    0    0    0    0    0    0    0    0    0    0    0    0    0    0    0    0    0    0    0    0    0    0    0    0    0    0    0    0    0    0    0    0    0    0    0    0    0    0    0    0    0
   0    0    0    0    0    0    0    0    0    0    0    0    0    0    0    0    0    0    0    0    0    0    0    0    0    0    0    0    0    0    0    0    0    0    0    0    0    0    0    0    0    0    0    0    0    0    0
   0    0    0    0    0    0    0    0    0    0    0    0    0    0    0    0    0    0    0    0    0    0    0    0    0    0    0    0    0    0    0    0    0    0    0    0    0    0    0    0    0    0    0    0    0    0    0
   0    0    0    0    0    0    0    0    0    0    0    0    0    0    0    0    0    0    0    0    0    0    0    0    0    0    0    0    0    0    0    0    0    0    0    0    0    0    0    0    0    0    0    0    0    0    0
   0    0    0    0    0    0    0    0    0    0    0    0    0    0    0    0    0    0    0    0    0    0    0    0    0    0    0    0    0    0    0    0    0    0    0    0    0    0    0    0    0    0    0    0    0    0    0
   0    0    0    0    0    0    0    0    0    0    0    0    0    0    0    0    0    0    0    0    0    0    0    0    0    0    0    0    0    0    0    0    0    0    0    0    0    0    0    0    0    0    0    0    0    0    0
   0    0    0    0    0    0    0    0    0    0    0    0    0    0    0    0    0    0    0    0    0    0    0    0    0    0    0    0    0    0    0    0    0    0    0    0    0    0    0    0    0    0    0    0    0    0    0
   0    0    0    0    0    0    0    0    0    0    0    0    0    0    0    0    0    0    0    0    0    0    0    0    0    0    0    0    0    0    0    0    0    0    0    0    0    0    0    0    0    0    0    0    0    0    0
   0    0    0    0    0    0    0    0    0    0    0    0    0    0    0    0    0    0    0    0    0    0    0    0    0    0    0    0    0    0    0    0    0    0    0    0    0    0    0    0    0    0    0    0    0    0    0
   0    0    0    0    0    0    0    0    0    0    0    0    0    0    0    0    0    0    0    0    0    0    0    0    0    0    0    0    0    0    0    0    0    0    0    0    0    0    0    0    0    0    0    0    0    0    0
