800904
Zlaganje

232
62 62
4002 4002 4002 4002 4007 4007 4007 4007 4022 4022 4022 4022 4032 4032 4032 4032 4042 4042 4042 4042 4052 4052 4052 4052 4062 4062 4062 4062 6074 6073 6073 6073 6084 6083 6083 6083 6094 6093 6093 6093 6104 6103 6103 6103 6114 6113 6113 6113 6124 6123 6123 6123    0    0    0    0    0
4003 4003 4003 4003 4008 4008 4008 4008 4023 4023 4023 4023 4033 4033 4033 4033 4043 4043 4043 4043 4053 4053 4053 4053 4063 4063 4063 4063 6074 6073 6074 6074 6084 6083 6084 6084 6094 6093 6094 6094 6104 6103 6104 6104 6114 6113 6114 6114 6124 6123 6124 6124    0    0    0    0    0
4002 4002 4002 4002 4007 4007 4007 4007 4022 4022 4022 4022 4032 4032 4032 4032 4042 4042 4042 4042 4052 4052 4052 4052 4062 4062 4062 4062 6074 6074 6073 6074 6084 6084 6083 6084 6094 6094 6093 6094 6104 6104 6103 6104 6114 6114 6113 6114 6124 6124 6123 6124    0    0    0    0    0
4003 4003 4003 4003 4008 4008 4008 4008 4023 4023 4023 4023 4033 4033 4033 4033 4043 4043 4043 4043 4053 4053 4053 4053 4063 4063 4063 4063 6073 6073 6073 6074 6083 6083 6083 6084 6093 6093 6093 6094 6103 6103 6103 6104 6113 6113 6113 6114 6123 6123 6123 6124    0    0    0    0    0
4012 4012 4012 4012 4017 4017 4017 4017 4027 4027 4027 4027 4037 4037 4037 4037 4047 4047 4047 4047 4057 4057 4057 4057 6069 6068 6068 6068 6079 6078 6078 6078 6089 6088 6088 6088 6099 6098 6098 6098 6109 6108 6108 6108 6119 6118 6118 6118 6129 6128 6128 6128    0    0    0    0    0
4013 4013 4013 4013 4018 4018 4018 4018 4028 4028 4028 4028 4038 4038 4038 4038 4048 4048 4048 4048 4058 4058 4058 4058 6069 6068 6069 6069 6079 6078 6079 6079 6089 6088 6089 6089 6099 6098 6099 6099 6109 6108 6109 6109 6119 6118 6119 6119 6129 6128 6129 6129    0    0    0    0    0
4012 4012 4012 4012 4017 4017 4017 4017 4027 4027 4027 4027 4037 4037 4037 4037 4047 4047 4047 4047 4057 4057 4057 4057 6069 6069 6068 6069 6079 6079 6078 6079 6089 6089 6088 6089 6099 6099 6098 6099 6109 6109 6108 6109 6119 6119 6118 6119 6129 6129 6128 6129    0    0    0    0    0
4013 4013 4013 4013 4018 4018 4018 4018 4028 4028 4028 4028 4038 4038 4038 4038 4048 4048 4048 4048 4058 4058 4058 4058 6068 6068 6068 6069 6078 6078 6078 6079 6088 6088 6088 6089 6098 6098 6098 6099 6108 6108 6108 6109 6118 6118 6118 6119 6128 6128 6128 6129    0    0    0    0    0
6134 6133 6133 6133 6139 6138 6138 6138 6144 6143 6143 6143 6149 6148 6148 6148 6154 6153 6153 6153 6159 6158 6158 6158 6164 6163 6163 6163 6169 6168 6168 6168 6174 6173 6173 6173 5179 5179 5179 5180 5184 5184 5184 5185 5189 5189 5189 5190 5194 5194 5194 5195    0    0    0    0    0
6134 6133 6134 6134 6139 6138 6139 6139 6144 6143 6144 6144 6149 6148 6149 6149 6154 6153 6154 6154 6159 6158 6159 6159 6164 6163 6164 6164 6169 6168 6169 6169 6174 6173 6174 6174 5180 5180 5179 5180 5185 5185 5184 5185 5190 5190 5189 5190 5195 5195 5194 5195    0    0    0    0    0
6134 6134 6133 6134 6139 6139 6138 6139 6144 6144 6143 6144 6149 6149 6148 6149 6154 6154 6153 6154 6159 6159 6158 6159 6164 6164 6163 6164 6169 6169 6168 6169 6174 6174 6173 6174 5180 5179 5180 5180 5185 5184 5185 5185 5190 5189 5190 5190 5195 5194 5195 5195    0    0    0    0    0
6133 6133 6133 6134 6138 6138 6138 6139 6143 6143 6143 6144 6148 6148 6148 6149 6153 6153 6153 6154 6158 6158 6158 6159 6163 6163 6163 6164 6168 6168 6168 6169 6173 6173 6173 6174 5180 5179 5179 5179 5185 5184 5184 5184 5190 5189 5189 5189 5195 5194 5194 5194    0    0    0    0    0
5199 5199 5199 5200 5204 5204 5204 5205 5209 5209 5209 5210 5214 5214 5214 5215 5219 5219 5219 5220 5224 5224 5224 5225 5229 5229 5229 5230 5234 5234 5234 5235 5239 5239 5239 5240 5244 5244 5244 5245 5249 5249 5249 5250 5254 5254 5254 5255 5259 5259 5259 5260    0    0    0    0    0
5200 5200 5199 5200 5205 5205 5204 5205 5210 5210 5209 5210 5215 5215 5214 5215 5220 5220 5219 5220 5225 5225 5224 5225 5230 5230 5229 5230 5235 5235 5234 5235 5240 5240 5239 5240 5245 5245 5244 5245 5250 5250 5249 5250 5255 5255 5254 5255 5260 5260 5259 5260    0    0    0    0    0
5200 5199 5200 5200 5205 5204 5205 5205 5210 5209 5210 5210 5215 5214 5215 5215 5220 5219 5220 5220 5225 5224 5225 5225 5230 5229 5230 5230 5235 5234 5235 5235 5240 5239 5240 5240 5245 5244 5245 5245 5250 5249 5250 5250 5255 5254 5255 5255 5260 5259 5260 5260    0    0    0    0    0
5200 5199 5199 5199 5205 5204 5204 5204 5210 5209 5209 5209 5215 5214 5214 5214 5220 5219 5219 5219 5225 5224 5224 5224 5230 5229 5229 5229 5235 5234 5234 5234 5240 5239 5239 5239 5245 5244 5244 5244 5250 5249 5249 5249 5255 5254 5254 5254 5260 5259 5259 5259    0    0    0    0    0
5264 5264 5264 5265 7270 7270 7270 7271 7275 7275 7275 7276 7280 7280 7280 7281 7285 7285 7285 7286 7290 7290 7290 7291 7295 7295 7295 7296 7300 7300 7300 7301 7305 7305 7305 7306 7310 7310 7310 7311 7315 7315 7315 7316 7320 7320 7320 7321 7325 7325 7325 7326    0    0    0    0    0
5265 5265 5264 5265 7271 7270 7271 7271 7276 7275 7276 7276 7281 7280 7281 7281 7286 7285 7286 7286 7291 7290 7291 7291 7296 7295 7296 7296 7301 7300 7301 7301 7306 7305 7306 7306 7311 7310 7311 7311 7316 7315 7316 7316 7321 7320 7321 7321 7326 7325 7326 7326    0    0    0    0    0
5265 5264 5265 5265 7271 7271 7270 7271 7276 7276 7275 7276 7281 7281 7280 7281 7286 7286 7285 7286 7291 7291 7290 7291 7296 7296 7295 7296 7301 7301 7300 7301 7306 7306 7305 7306 7311 7311 7310 7311 7316 7316 7315 7316 7321 7321 7320 7321 7326 7326 7325 7326    0    0    0    0    0
5265 5264 5264 5264 7271 7270 7270 7270 7276 7275 7275 7275 7281 7280 7280 7280 7286 7285 7285 7285 7291 7290 7290 7290 7296 7295 7295 7295 7301 7300 7300 7300 7306 7305 7305 7305 7311 7310 7310 7310 7316 7315 7315 7315 7321 7320 7320 7320 7326 7325 7325 7325    0    0    0    0    0
7330 7330 7330 7331 7335 7335 7335 7336 7340 7340 7340 7341 7345 7345 7345 7346 7350 7350 7350 7351 7355 7355 7355 7356 7360 7360 7360 7361 7365 7365 7365 7366 7370 7370 7370 7371 7375 7375 7375 7376 8381 8381 8382 8382 8386 8386 8387 8387 8391 8391 8392 8392    0    0    0    0    0
7331 7330 7331 7331 7336 7335 7336 7336 7341 7340 7341 7341 7346 7345 7346 7346 7351 7350 7351 7351 7356 7355 7356 7356 7361 7360 7361 7361 7366 7365 7366 7366 7371 7370 7371 7371 7376 7375 7376 7376 8381 8381 8382 8382 8386 8386 8387 8387 8391 8391 8392 8392    0    0    0    0    0
7331 7331 7330 7331 7336 7336 7335 7336 7341 7341 7340 7341 7346 7346 7345 7346 7351 7351 7350 7351 7356 7356 7355 7356 7361 7361 7360 7361 7366 7366 7365 7366 7371 7371 7370 7371 7376 7376 7375 7376 8382 8382 8381 8381 8387 8387 8386 8386 8392 8392 8391 8391    0    0    0    0    0
7331 7330 7330 7330 7336 7335 7335 7335 7341 7340 7340 7340 7346 7345 7345 7345 7351 7350 7350 7350 7356 7355 7355 7355 7361 7360 7360 7360 7366 7365 7365 7365 7371 7370 7370 7370 7376 7375 7375 7375 8382 8382 8381 8381 8387 8387 8386 8386 8392 8392 8391 8391    0    0    0    0    0
8396 8396 8397 8397 8401 8401 8402 8402 8406 8406 8407 8407 8411 8411 8412 8412 8416 8416 8417 8417 8421 8421 8422 8422 8426 8426 8427 8427 8431 8431 8432 8432 8436 8436 8437 8437 8441 8441 8442 8442 8446 8446 8447 8447 8451 8451 8452 8452 8456 8456 8457 8457    0    0    0    0    0
8396 8396 8397 8397 8401 8401 8402 8402 8406 8406 8407 8407 8411 8411 8412 8412 8416 8416 8417 8417 8421 8421 8422 8422 8426 8426 8427 8427 8431 8431 8432 8432 8436 8436 8437 8437 8441 8441 8442 8442 8446 8446 8447 8447 8451 8451 8452 8452 8456 8456 8457 8457    0    0    0    0    0
8397 8397 8396 8396 8402 8402 8401 8401 8407 8407 8406 8406 8412 8412 8411 8411 8417 8417 8416 8416 8422 8422 8421 8421 8427 8427 8426 8426 8432 8432 8431 8431 8437 8437 8436 8436 8442 8442 8441 8441 8447 8447 8446 8446 8452 8452 8451 8451 8457 8457 8456 8456    0    0    0    0    0
8397 8397 8396 8396 8402 8402 8401 8401 8407 8407 8406 8406 8412 8412 8411 8411 8417 8417 8416 8416 8422 8422 8421 8421 8427 8427 8426 8426 8432 8432 8431 8431 8437 8437 8436 8436 8442 8442 8441 8441 8447 8447 8446 8446 8452 8452 8451 8451 8457 8457 8456 8456    0    0    0    0    0
8461 8461 8462 8462 8466 8466 8467 8467 8471 8471 8472 8472 8476 8476 8477 8477 8481 8481 8482 8482  486  486  486  486  491  491  491  491  496  496  496  496  501  501  501  501  543  548  548  548  553  559  564  564  569  569  569  579  584  584  590  600    0    0    0    0    0
8461 8461 8462 8462 8466 8466 8467 8467 8471 8471 8472 8472 8476 8476 8477 8477 8481 8481 8482 8482  507  507  512  512  517  517  522  522  527  527  533  533  533  538  543  543  543  548  553  553  553  559  564  574  574  574  569  579  584  590  590  600  600    0    0    0    0
8462 8462 8461 8461 8467 8467 8466 8466 8472 8472 8471 8471 8477 8477 8476 8476 8482 8482 8481 8481  507  507  512  512  517  517  522  522  527  527  533  538  538  538  605  605  605  610  610  610  559  559  564  621  621  574  579  579  584  595  590  600  615    0    0    0    0
8462 8462 8461 8461 8467 8467 8466 8466 8472 8472 8471 8471 8477 8477 8476 8476 8482 8482 8481 8481  671  666  666  661  661  656  656  651  651  646  646  641  641  636  636  605  626  626  610    0  686  686  681  681  621  621  631  631  595  595  595  615  615    0    0    0    0
1061 1061 1056 1056 1046 1046 1041 1041 1036 1036 1031 1031 1026 1026 1021 1021    0    0  776  671  671  676  666  666  661  661  656  656  651  651  646  646  641  641  636  636  696  626  626  701  701  686  686  681  681  691  691  631  631  706  711  711  615    0    0    0    0
   0 1061 1061 1056 1056 1046 1046 1041 1041 1036 1036 1031 1031 1026 1026 1021 1021  776  776  671  676  676  726    0 1087 1087 1082 1082 1077 1077 1072 1072  871    0  796  696  696  731  736  736  701  701  746  761  761    0  691  691  706  706  716  711  711    0    0    0    0
   0 1192 1192 1187 1187 1182 1182 1177 1177 1172 1172 1167 1167 1162 1162 1157 1157  776  771  771  676  726  726 1087 1087 1082 1082 1077 1077 1072 1072  871  871  796  796  696  731  731  741  736  736  746  746  766  761  761  721  721  706  716  716  781    0    0    0    0    0
1192 1192 1187 1187 1182 1182 1177 1177 1172 1172 1167 1167 1162 1162 1157 1157 1152  786  786  771  771  726 1102 1102 1107 1107 1112 1112 1117 1117    0  871  866  796  791  791  731  741  741  751  751  746  766  766  801  806  806  721  721  716  781  781  826    0    0    0    0
   0 1267 1267 1262 1262 1257 1257 1252 1252 1247 1247 1242 1242 1237 1237 1197 1152 1152  786  786    0 1102 1102 1107 1107 1112 1112 1117 1117    0    0  866  866  831  831  791  791  741  756  756  751  751  766  801  801  811  806  806  821  821  781  826  826    0    0    0    0
1267 1267 1262 1262 1257 1257 1252 1252 1247 1247 1242 1242 1237 1237 1232 1197 1197 1152 1147 1147 1142 1142 1132 1132 1127 1127 1122 1122    0  951  951  866  856  856  831  831  846  836  836  756  756  816  816  801  811  811  876  881  881  821  821  826  926    0    0    0    0
   0 1382 1382 1377 1377 1372 1372 1367 1367 1362 1362 1357 1357 1272 1232 1232 1197 1147 1147 1142 1142 1132 1132 1127 1127 1122 1122  981  956  956  951  951  946  856  856  846  846  851  836  836  841  841  816  816  811  876  876  886  881  881  921  926  926    0    0    0    0
1382 1382 1377 1377 1372 1372 1367 1367 1362 1362 1357 1357 1352 1272 1272 1232 1227 1227 1222 1222 1217 1217 1212 1212 1207 1207  981  981  976  956  956  946  946  861  861  846  851  851  896  901  901  841  841  891  891  876  886  886  916  921  921  926    0    0    0    0    0
   0    0    0    0    0    0    0    0    0    0    0 1387 1352 1352 1272 1227 1227 1222 1222 1217 1217 1212 1212 1207 1207 1202  981  976  976  961  961  946  941  941  861  861  851  896  896  906  901  901  911  911  891  891  886  916  916  921 1277 1277    0    0    0    0    0
   0    0    0    0    0    0    0    0    0    0    0 1387 1387 1352 1347 1347 1342 1342 1337 1337 1332 1332 1327 1327 1307 1202 1202  976  971  971  961  961  966  941  941  931  931  896  906  906  986  991  991  911  911  936  936  916 1282 1277 1277 1317 1317    0    0    0    0
   0    0    0    0    0    0    0    0    0    0    0    0 1387 1347 1347 1342 1342 1337 1337 1332 1332 1327 1327 1322 1307 1307 1202 1006 1006  971  971  966  966 1011 1016 1016  931  931  906  986  986  996  991  991 1001 1001  936  936 1282 1282 1317 1317    0    0    0    0    0
   0    0    0    0    0    0    0    0    0    0    0    0    0    0    0    0    0    0    0    0    0    0 1392 1322 1322 1307 1312 1312 1006 1006 1092  966 1011 1011 1066 1016 1016 1051 1051  986  996  996 1097 1097 1292 1001 1001 1287 1287 1282 1397 1397    0    0    0    0    0
   0    0    0    0    0    0    0    0    0    0    0    0    0    0    0    0    0    0    0    0    0 1432 1392 1392 1322 1312 1312 1412 1412 1417 1092 1092 1011 1066 1066 1137 1137    0 1051 1051  996 1097 1097 1297 1292 1292 1287 1287 1402 1397 1397    0    0    0    0    0    0
   0    0    0    0    0    0    0    0    0    0    0    0    0    0    0    0    0    0    0    0    0 1432 1432 1392 1422 1422 1412 1412 1427 1417 1417 1092    0 1066 1137 1137    0    0    0    0    0    0    0 1297 1297 1292 1302 1302 1402 1402    0    0    0    0    0    0    0
   0    0    0    0    0    0    0    0    0    0    0    0    0    0    0    0    0    0    0    0    0    0 1432 1422 1422    0    0    0 1427 1427 1417    0    0    0    0    0    0    0    0    0    0    0    0    0 1297 1302 1302 1407 1407 1402    0    0    0    0    0    0    0
   0    0    0    0    0    0    0    0    0    0    0    0    0    0    0    0    0    0    0    0    0    0    0    0    0    0    0    0    0 1427    0    0    0    0    0    0    0    0    0    0    0    0    0    0    0    0 1407 1407    0    0    0    0    0    0    0    0    0
   0    0    0    0    0    0    0    0    0    0    0    0    0    0    0    0    0    0    0    0    0    0    0    0    0    0    0    0    0    0    0    0    0    0    0    0    0    0    0    0    0    0    0    0    0    0    0    0    0    0    0    0    0    0    0    0    0
   0    0    0    0    0    0    0    0    0    0    0    0    0    0    0    0    0    0    0    0    0    0    0    0    0    0    0    0    0    0    0    0    0    0    0    0    0    0    0    0    0    0    0    0    0    0    0    0    0    0    0    0    0    0    0    0    0
   0    0    0    0    0    0    0    0    0    0    0    0    0    0    0    0    0    0    0    0    0    0    0    0    0    0    0    0    0    0    0    0    0    0    0    0    0    0    0    0    0    0    0    0    0    0    0    0    0    0    0    0    0    0    0    0    0
   0    0    0    0    0    0    0    0    0    0    0    0    0    0    0    0    0    0    0    0    0    0    0    0    0    0    0    0    0    0    0    0    0    0    0    0    0    0    0    0    0    0    0    0    0    0    0    0    0    0    0    0    0    0    0    0    0
   0    0    0    0    0    0    0    0    0    0    0    0    0    0    0    0    0    0    0    0    0    0    0    0    0    0    0    0    0    0    0    0    0    0    0    0    0    0    0    0    0    0    0    0    0    0    0    0    0    0    0    0    0    0    0    0    0
   0    0    0    0    0    0    0    0    0    0    0    0    0    0    0    0    0    0    0    0    0    0    0    0    0    0    0    0    0    0    0    0    0    0    0    0    0    0    0    0    0    0    0    0    0    0    0    0    0    0    0    0    0    0    0    0    0
   0    0    0    0    0    0    0    0    0    0    0    0    0    0    0    0    0    0    0    0    0    0    0    0    0    0    0    0    0    0    0    0    0    0    0    0    0    0    0    0    0    0    0    0    0    0    0    0    0    0    0    0    0    0    0    0    0
   0    0    0    0    0    0    0    0    0    0    0    0    0    0    0    0    0    0    0    0    0    0    0    0    0    0    0    0    0    0    0    0    0    0    0    0    0    0    0    0    0    0    0    0    0    0    0    0    0    0    0    0    0    0    0    0    0
   0    0    0    0    0    0    0    0    0    0    0    0    0    0    0    0    0    0    0    0    0    0    0    0    0    0    0    0    0    0    0    0    0    0    0    0    0    0    0    0    0    0    0    0    0    0    0    0    0    0    0    0    0    0    0    0    0
