800904
Zlaganje

234
35 35
6004 6003 6003 6003 6009 6008 6008 6008 6024 6023 6023 6023 8036 8036 8037 8037 8046 8046 8047 8047 8056 8056 8057 8057    0    0    0    0    0    0
6004 6003 6004 6004 6009 6008 6009 6009 6024 6023 6024 6024 8036 8036 8037 8037 8046 8046 8047 8047 8056 8056 8057 8057    0    0    0    0    0    0
6004 6004 6003 6004 6009 6009 6008 6009 6024 6024 6023 6024 8037 8037 8036 8036 8047 8047 8046 8046 8057 8057 8056 8056    0    0    0    0    0    0
6003 6003 6003 6004 6008 6008 6008 6009 6023 6023 6023 6024 8037 8037 8036 8036 8047 8047 8046 8046 8057 8057 8056 8056    0    0    0    0    0    0
6014 6013 6013 6013 6019 6018 6018 6018 7030 7030 7030 7031 8041 8041 8042 8042 8051 8051 8052 8052   61   61   61   61    0    0    0    0    0    0
6014 6013 6014 6014 6019 6018 6019 6019 7031 7030 7031 7031 8041 8041 8042 8042 8051 8051 8052 8052   67   67   72   72    0    0    0    0    0    0
6014 6014 6013 6014 6019 6019 6018 6019 7031 7031 7030 7031 8042 8042 8041 8041 8052 8052 8051 8051   67   67   72   72    0    0    0    0    0    0
6013 6013 6013 6014 6018 6018 6018 6019 7031 7030 7030 7030 8042 8042 8041 8041 8052 8052 8051 8051   77   77   82   82    0    0    0    0    0    0
 120  120  120  114  114  114  108  108  108  103  103  103   98   98   98   93   93   93   87   87   77   77   82   82    0    0    0    0    0    0
   0  120  125  125  125  114  108  141  141  103  146  146   98  151  151   93  156  156   87   87  130  130  130  135    0    0    0    0    0    0
   0  166  166  125  176  176  171  171  141  141  181  146  146  186  151  151  216  156  156  161  161  130  135  135    0    0    0    0    0    0
 231  231  166  166  206  176  176  171  171  181  181  191  186  186  221  216  216  236    0  252  161  161  242  135    0    0    0    0    0    0
 297  231  231  206  206  201  201  196  196  181  191  191  186  221  221  216  236  236  257  252  252  247  242  242    0    0    0    0    0    0
 297  297  292  206  211  211  201  201  196  196  191  226  226  221    0  272  236  262  257  257  252  247  247  242    0    0    0    0    0    0
   0  297  292  292  287  211  211  277  277  282  282  302  226  226  312  272  272  262  262  257  267  267  247    0    0    0    0    0    0    0
   0    0    0  292  287  287  277  277  282  282  307  302  302  317  312  312  272  332  262  267  267    0    0    0    0    0    0    0    0    0
   0    0    0    0    0  287    0    0    0  327  307  307  302  317  317  312  337  332  332    0    0    0    0    0    0    0    0    0    0    0
   0    0    0    0    0    0    0    0    0  327  327  307  322  322  317  342  337  337  332    0    0    0    0    0    0    0    0    0    0    0
   0    0    0    0    0    0    0    0    0    0  327  322  322    0    0  342  342  337    0    0    0    0    0    0    0    0    0    0    0    0
   0    0    0    0    0    0    0    0    0    0    0    0    0    0    0    0  342    0    0    0    0    0    0    0    0    0    0    0    0    0
   0    0    0    0    0    0    0    0    0    0    0    0    0    0    0    0    0    0    0    0    0    0    0    0    0    0    0    0    0    0
   0    0    0    0    0    0    0    0    0    0    0    0    0    0    0    0    0    0    0    0    0    0    0    0    0    0    0    0    0    0
   0    0    0    0    0    0    0    0    0    0    0    0    0    0    0    0    0    0    0    0    0    0    0    0    0    0    0    0    0    0
   0    0    0    0    0    0    0    0    0    0    0    0    0    0    0    0    0    0    0    0    0    0    0    0    0    0    0    0    0    0
   0    0    0    0    0    0    0    0    0    0    0    0    0    0    0    0    0    0    0    0    0    0    0    0    0    0    0    0    0    0
   0    0    0    0    0    0    0    0    0    0    0    0    0    0    0    0    0    0    0    0    0    0    0    0    0    0    0    0    0    0
   0    0    0    0    0    0    0    0    0    0    0    0    0    0    0    0    0    0    0    0    0    0    0    0    0    0    0    0    0    0
   0    0    0    0    0    0    0    0    0    0    0    0    0    0    0    0    0    0    0    0    0    0    0    0    0    0    0    0    0    0
   0    0    0    0    0    0    0    0    0    0    0    0    0    0    0    0    0    0    0    0    0    0    0    0    0    0    0    0    0    0
   0    0    0    0    0    0    0    0    0    0    0    0    0    0    0    0    0    0    0    0    0    0    0    0    0    0    0    0    0    0
