800904
Zlaganje

241
46 46
6004 6003 6003 6003 6009 6008 6008 6008 6014 6013 6013 6013 6019 6018 6018 6018 6024 6023 6023 6023 6029 6028 6028 6028 6034 6033 6033 6033 6039 6038 6038 6038 6044 6043 6043 6043 6049 6048 6048 6048 6054 6053 6053 6053 0 0
6004 6003 6004 6004 6009 6008 6009 6009 6014 6013 6014 6014 6019 6018 6019 6019 6024 6023 6024 6024 6029 6028 6029 6029 6034 6033 6034 6034 6039 6038 6039 6039 6044 6043 6044 6044 6049 6048 6049 6049 6054 6053 6054 6054 0 0
6004 6004 6003 6004 6009 6009 6008 6009 6014 6014 6013 6014 6019 6019 6018 6019 6024 6024 6023 6024 6029 6029 6028 6029 6034 6034 6033 6034 6039 6039 6038 6039 6044 6044 6043 6044 6049 6049 6048 6049 6054 6054 6053 6054 0 0
6003 6003 6003 6004 6008 6008 6008 6009 6013 6013 6013 6014 6018 6018 6018 6019 6023 6023 6023 6024 6028 6028 6028 6029 6033 6033 6033 6034 6038 6038 6038 6039 6043 6043 6043 6044 6048 6048 6048 6049 6053 6053 6053 6054 0 0
6059 6058 6058 6058 6064 6063 6063 6063 6069 6068 6068 6068 6074 6073 6073 6073 6079 6078 6078 6078 6084 6083 6083 6083 6089 6088 6088 6088 6094 6093 6093 6093 6099 6098 6098 6098 6104 6103 6103 6103 6109 6108 6108 6108 0 0
6059 6058 6059 6059 6064 6063 6064 6064 6069 6068 6069 6069 6074 6073 6074 6074 6079 6078 6079 6079 6084 6083 6084 6084 6089 6088 6089 6089 6094 6093 6094 6094 6099 6098 6099 6099 6104 6103 6104 6104 6109 6108 6109 6109 0 0
6059 6059 6058 6059 6064 6064 6063 6064 6069 6069 6068 6069 6074 6074 6073 6074 6079 6079 6078 6079 6084 6084 6083 6084 6089 6089 6088 6089 6094 6094 6093 6094 6099 6099 6098 6099 6104 6104 6103 6104 6109 6109 6108 6109 0 0
6058 6058 6058 6059 6063 6063 6063 6064 6068 6068 6068 6069 6073 6073 6073 6074 6078 6078 6078 6079 6083 6083 6083 6084 6088 6088 6088 6089 6093 6093 6093 6094 6098 6098 6098 6099 6103 6103 6103 6104 6108 6108 6108 6109 0 0
6114 6113 6113 6113 6119 6118 6118 6118 6124 6123 6123 6123 6129 6128 6128 6128 6134 6133 6133 6133 6139 6138 6138 6138 6144 6143 6143 6143 6149 6148 6148 6148 6154 6153 6153 6153 6159 6158 6158 6158 6164 6163 6163 6163 0 0
6114 6113 6114 6114 6119 6118 6119 6119 6124 6123 6124 6124 6129 6128 6129 6129 6134 6133 6134 6134 6139 6138 6139 6139 6144 6143 6144 6144 6149 6148 6149 6149 6154 6153 6154 6154 6159 6158 6159 6159 6164 6163 6164 6164 0 0
6114 6114 6113 6114 6119 6119 6118 6119 6124 6124 6123 6124 6129 6129 6128 6129 6134 6134 6133 6134 6139 6139 6138 6139 6144 6144 6143 6144 6149 6149 6148 6149 6154 6154 6153 6154 6159 6159 6158 6159 6164 6164 6163 6164 0 0
6113 6113 6113 6114 6118 6118 6118 6119 6123 6123 6123 6124 6128 6128 6128 6129 6133 6133 6133 6134 6138 6138 6138 6139 6143 6143 6143 6144 6148 6148 6148 6149 6153 6153 6153 6154 6158 6158 6158 6159 6163 6163 6163 6164 0 0
6169 6168 6168 6168 6174 6173 6173 6173 6179 6178 6178 6178 6184 6183 6183 6183 6189 6188 6188 6188 6194 6193 6193 6193 6199 6198 6198 6198 6204 6203 6203 6203 6209 6208 6208 6208 6214 6213 6213 6213 6219 6218 6218 6218 0 0
6169 6168 6169 6169 6174 6173 6174 6174 6179 6178 6179 6179 6184 6183 6184 6184 6189 6188 6189 6189 6194 6193 6194 6194 6199 6198 6199 6199 6204 6203 6204 6204 6209 6208 6209 6209 6214 6213 6214 6214 6219 6218 6219 6219 0 0
6169 6169 6168 6169 6174 6174 6173 6174 6179 6179 6178 6179 6184 6184 6183 6184 6189 6189 6188 6189 6194 6194 6193 6194 6199 6199 6198 6199 6204 6204 6203 6204 6209 6209 6208 6209 6214 6214 6213 6214 6219 6219 6218 6219 0 0
6168 6168 6168 6169 6173 6173 6173 6174 6178 6178 6178 6179 6183 6183 6183 6184 6188 6188 6188 6189 6193 6193 6193 6194 6198 6198 6198 6199 6203 6203 6203 6204 6208 6208 6208 6209 6213 6213 6213 6214 6218 6218 6218 6219 0 0
6224 6223 6223 6223 6229 6228 6228 6228 6234 6233 6233 6233 6239 6238 6238 6238 6244 6243 6243 6243 6249 6248 6248 6248 6254 6253 6253 6253 6259 6258 6258 6258 6264 6263 6263 6263 5269 5269 5269 5270 5274 5274 5274 5275 0 0
6224 6223 6224 6224 6229 6228 6229 6229 6234 6233 6234 6234 6239 6238 6239 6239 6244 6243 6244 6244 6249 6248 6249 6249 6254 6253 6254 6254 6259 6258 6259 6259 6264 6263 6264 6264 5270 5270 5269 5270 5275 5275 5274 5275 0 0
6224 6224 6223 6224 6229 6229 6228 6229 6234 6234 6233 6234 6239 6239 6238 6239 6244 6244 6243 6244 6249 6249 6248 6249 6254 6254 6253 6254 6259 6259 6258 6259 6264 6264 6263 6264 5270 5269 5270 5270 5275 5274 5275 5275 0 0
6223 6223 6223 6224 6228 6228 6228 6229 6233 6233 6233 6234 6238 6238 6238 6239 6243 6243 6243 6244 6248 6248 6248 6249 6253 6253 6253 6254 6258 6258 6258 6259 6263 6263 6263 6264 5270 5269 5269 5269 5275 5274 5274 5274 0 0
5279 5279 5279 5280 5284 5284 5284 5285 5289 5289 5289 5290 5294 5294 5294 5295 5299 5299 5299 5300 5304 5304 5304 5305 5309 5309 5309 5310 5314 5314 5314 5315 5319 5319 5319 5320 5324 5324 5324 5325 5329 5329 5329 5330 0 0
5280 5280 5279 5280 5285 5285 5284 5285 5290 5290 5289 5290 5295 5295 5294 5295 5300 5300 5299 5300 5305 5305 5304 5305 5310 5310 5309 5310 5315 5315 5314 5315 5320 5320 5319 5320 5325 5325 5324 5325 5330 5330 5329 5330 0 0
5280 5279 5280 5280 5285 5284 5285 5285 5290 5289 5290 5290 5295 5294 5295 5295 5300 5299 5300 5300 5305 5304 5305 5305 5310 5309 5310 5310 5315 5314 5315 5315 5320 5319 5320 5320 5325 5324 5325 5325 5330 5329 5330 5330 0 0
5280 5279 5279 5279 5285 5284 5284 5284 5290 5289 5289 5289 5295 5294 5294 5294 5300 5299 5299 5299 5305 5304 5304 5304 5310 5309 5309 5309 5315 5314 5314 5314 5320 5319 5319 5319 5325 5324 5324 5324 5330 5329 5329 5329 0 0
5334 5334 5334 5335 5339 5339 5339 5340 5344 5344 5344 5345 5349 5349 5349 5350 5354 5354 5354 5355 5359 5359 5359 5360 5364 5364 5364 5365 5369 5369 5369 5370 5374 5374 5374 5375 5379 5379 5379 5380 5384 5384 5384 5385 0 0
5335 5335 5334 5335 5340 5340 5339 5340 5345 5345 5344 5345 5350 5350 5349 5350 5355 5355 5354 5355 5360 5360 5359 5360 5365 5365 5364 5365 5370 5370 5369 5370 5375 5375 5374 5375 5380 5380 5379 5380 5385 5385 5384 5385 0 0
5335 5334 5335 5335 5340 5339 5340 5340 5345 5344 5345 5345 5350 5349 5350 5350 5355 5354 5355 5355 5360 5359 5360 5360 5365 5364 5365 5365 5370 5369 5370 5370 5375 5374 5375 5375 5380 5379 5380 5380 5385 5384 5385 5385 0 0
5335 5334 5334 5334 5340 5339 5339 5339 5345 5344 5344 5344 5350 5349 5349 5349 5355 5354 5354 5354 5360 5359 5359 5359 5365 5364 5364 5364 5370 5369 5369 5369 5375 5374 5374 5374 5380 5379 5379 5379 5385 5384 5384 5384 0 0
5389 5389 5389 5390 5394 5394 5394 5395 5399 5399 5399 5400 5404 5404 5404 5405 5409 5409 5409 5410 5414 5414 5414 5415 5419 5419 5419 5420 5424 5424 5424 5425 5429 5429 5429 5430 5434 5434 5434 5435 5439 5439 5439 5440 0 0
5390 5390 5389 5390 5395 5395 5394 5395 5400 5400 5399 5400 5405 5405 5404 5405 5410 5410 5409 5410 5415 5415 5414 5415 5420 5420 5419 5420 5425 5425 5424 5425 5430 5430 5429 5430 5435 5435 5434 5435 5440 5440 5439 5440 0 0
5390 5389 5390 5390 5395 5394 5395 5395 5400 5399 5400 5400 5405 5404 5405 5405 5410 5409 5410 5410 5415 5414 5415 5415 5420 5419 5420 5420 5425 5424 5425 5425 5430 5429 5430 5430 5435 5434 5435 5435 5440 5439 5440 5440 0 0
5390 5389 5389 5389 5395 5394 5394 5394 5400 5399 5399 5399 5405 5404 5404 5404 5410 5409 5409 5409 5415 5414 5414 5414 5420 5419 5419 5419 5425 5424 5424 5424 5430 5429 5429 5429 5435 5434 5434 5434 5440 5439 5439 5439 0 0
5444 5444 5444 5445 5449 5449 5449 5450 5454 5454 5454 5455 5459 5459 5459 5460 5464 5464 5464 5465 5469 5469 5469 5470 5474 5474 5474 5475 5479 5479 5479 5480 5484 5484 5484 5485 5489 5489 5489 5490 5494 5494 5494 5495 0 0
5445 5445 5444 5445 5450 5450 5449 5450 5455 5455 5454 5455 5460 5460 5459 5460 5465 5465 5464 5465 5470 5470 5469 5470 5475 5475 5474 5475 5480 5480 5479 5480 5485 5485 5484 5485 5490 5490 5489 5490 5495 5495 5494 5495 0 0
5445 5444 5445 5445 5450 5449 5450 5450 5455 5454 5455 5455 5460 5459 5460 5460 5465 5464 5465 5465 5470 5469 5470 5470 5475 5474 5475 5475 5480 5479 5480 5480 5485 5484 5485 5485 5490 5489 5490 5490 5495 5494 5495 5495 0 0
5445 5444 5444 5444 5450 5449 5449 5449 5455 5454 5454 5454 5460 5459 5459 5459 5465 5464 5464 5464 5470 5469 5469 5469 5475 5474 5474 5474 5480 5479 5479 5479 5485 5484 5484 5484 5490 5489 5489 5489 5495 5494 5494 5494 0 0
5499 5499 5499 5500 5504 5504 5504 5505 5509 5509 5509 5510 5514 5514 5514 5515 5519 5519 5519 5520 5524 5524 5524 5525 5529 5529 5529 5530 5534 5534 5534 5535 543 543 543 548 553 553 553 558 563 563 563 0 0 0
5500 5500 5499 5500 5505 5505 5504 5505 5510 5510 5509 5510 5515 5515 5514 5515 5520 5520 5519 5520 5525 5525 5524 5525 5530 5530 5529 5530 5535 5535 5534 5535 543 548 548 548 553 558 558 558 563 0 0 0 0 0
5500 5499 5500 5500 5505 5504 5505 5505 5510 5509 5510 5510 5515 5514 5515 5515 5520 5519 5520 5520 5525 5524 5525 5525 5530 5529 5530 5530 5535 5534 5535 5535 569 574 574 579 579 579 589 594 594 0 0 0 0 0
5500 5499 5499 5499 5505 5504 5504 5504 5510 5509 5509 5509 5515 5514 5514 5514 5520 5519 5519 5519 5525 5524 5524 5524 5530 5529 5529 5529 5535 5534 5534 5534 569 574 584 584 584 579 589 594 0 0 0 0 0 0
0 0 0 0 0 0 0 0 0 0 0 0 0 0 0 0 0 0 0 0 0 0 0 0 0 0 0 0 0 0 0 569 569 574 0 0 584 589 589 594 0 0 0 0 0 0
0 0 0 0 0 0 0 0 0 0 0 0 0 0 0 0 0 0 0 0 0 0 0 0 0 0 0 0 0 0 0 0 0 0 0 0 0 0 0 0 0 0 0 0 0 0
0 0 0 0 0 0 0 0 0 0 0 0 0 0 0 0 0 0 0 0 0 0 0 0 0 0 0 0 0 0 0 0 0 0 0 0 0 0 0 0 0 0 0 0 0 0
0 0 0 0 0 0 0 0 0 0 0 0 0 0 0 0 0 0 0 0 0 0 0 0 0 0 0 0 0 0 0 0 0 0 0 0 0 0 0 0 0 0 0 0 0 0
0 0 0 0 0 0 0 0 0 0 0 0 0 0 0 0 0 0 0 0 0 0 0 0 0 0 0 0 0 0 0 0 0 0 0 0 0 0 0 0 0 0 0 0 0 0
0 0 0 0 0 0 0 0 0 0 0 0 0 0 0 0 0 0 0 0 0 0 0 0 0 0 0 0 0 0 0 0 0 0 0 0 0 0 0 0 0 0 0 0 0 0
