800904
Zlaganje

251
51 51
7005 7005 7005 7006 7010 7010 7010 7011 7015 7015 7015 7016 7020 7020 7020 7021 7025 7025 7025 7026 7030 7030 7030 7031 7035 7035 7035 7036 7040 7040 7040 7041 7045 7045 7045 7046 7050 7050 7050 7051 7055 7055 7055 7056 7060 7060 7060 7061 0 0 0
7006 7005 7006 7006 7011 7010 7011 7011 7016 7015 7016 7016 7021 7020 7021 7021 7026 7025 7026 7026 7031 7030 7031 7031 7036 7035 7036 7036 7041 7040 7041 7041 7046 7045 7046 7046 7051 7050 7051 7051 7056 7055 7056 7056 7061 7060 7061 7061 0 0 0
7006 7006 7005 7006 7011 7011 7010 7011 7016 7016 7015 7016 7021 7021 7020 7021 7026 7026 7025 7026 7031 7031 7030 7031 7036 7036 7035 7036 7041 7041 7040 7041 7046 7046 7045 7046 7051 7051 7050 7051 7056 7056 7055 7056 7061 7061 7060 7061 0 0 0
7006 7005 7005 7005 7011 7010 7010 7010 7016 7015 7015 7015 7021 7020 7020 7020 7026 7025 7025 7025 7031 7030 7030 7030 7036 7035 7035 7035 7041 7040 7040 7040 7046 7045 7045 7045 7051 7050 7050 7050 7056 7055 7055 7055 7061 7060 7060 7060 0 0 0
7065 7065 7065 7066 7070 7070 7070 7071 7075 7075 7075 7076 7080 7080 7080 7081 7085 7085 7085 7086 7090 7090 7090 7091 7095 7095 7095 7096 7100 7100 7100 7101 7105 7105 7105 7106 7110 7110 7110 7111 7115 7115 7115 7116 7120 7120 7120 7121 0 0 0
7066 7065 7066 7066 7071 7070 7071 7071 7076 7075 7076 7076 7081 7080 7081 7081 7086 7085 7086 7086 7091 7090 7091 7091 7096 7095 7096 7096 7101 7100 7101 7101 7106 7105 7106 7106 7111 7110 7111 7111 7116 7115 7116 7116 7121 7120 7121 7121 0 0 0
7066 7066 7065 7066 7071 7071 7070 7071 7076 7076 7075 7076 7081 7081 7080 7081 7086 7086 7085 7086 7091 7091 7090 7091 7096 7096 7095 7096 7101 7101 7100 7101 7106 7106 7105 7106 7111 7111 7110 7111 7116 7116 7115 7116 7121 7121 7120 7121 0 0 0
7066 7065 7065 7065 7071 7070 7070 7070 7076 7075 7075 7075 7081 7080 7080 7080 7086 7085 7085 7085 7091 7090 7090 7090 7096 7095 7095 7095 7101 7100 7100 7100 7106 7105 7105 7105 7111 7110 7110 7110 7116 7115 7115 7115 7121 7120 7120 7120 0 0 0
7125 7125 7125 7126 7130 7130 7130 7131 7135 7135 7135 7136 7140 7140 7140 7141 7145 7145 7145 7146 7150 7150 7150 7151 7155 7155 7155 7156 7160 7160 7160 7161 7165 7165 7165 7166 7170 7170 7170 7171 7175 7175 7175 7176 7180 7180 7180 7181 0 0 0
7126 7125 7126 7126 7131 7130 7131 7131 7136 7135 7136 7136 7141 7140 7141 7141 7146 7145 7146 7146 7151 7150 7151 7151 7156 7155 7156 7156 7161 7160 7161 7161 7166 7165 7166 7166 7171 7170 7171 7171 7176 7175 7176 7176 7181 7180 7181 7181 0 0 0
7126 7126 7125 7126 7131 7131 7130 7131 7136 7136 7135 7136 7141 7141 7140 7141 7146 7146 7145 7146 7151 7151 7150 7151 7156 7156 7155 7156 7161 7161 7160 7161 7166 7166 7165 7166 7171 7171 7170 7171 7176 7176 7175 7176 7181 7181 7180 7181 0 0 0
7126 7125 7125 7125 7131 7130 7130 7130 7136 7135 7135 7135 7141 7140 7140 7140 7146 7145 7145 7145 7151 7150 7150 7150 7156 7155 7155 7155 7161 7160 7160 7160 7166 7165 7165 7165 7171 7170 7170 7170 7176 7175 7175 7175 7181 7180 7180 7180 0 0 0
7185 7185 7185 7186 7190 7190 7190 7191 7195 7195 7195 7196 7200 7200 7200 7201 7205 7205 7205 7206 7210 7210 7210 7211 7215 7215 7215 7216 7220 7220 7220 7221 7225 7225 7225 7226 7230 7230 7230 7231 7235 7235 7235 7236 7240 7240 7240 7241 0 0 0
7186 7185 7186 7186 7191 7190 7191 7191 7196 7195 7196 7196 7201 7200 7201 7201 7206 7205 7206 7206 7211 7210 7211 7211 7216 7215 7216 7216 7221 7220 7221 7221 7226 7225 7226 7226 7231 7230 7231 7231 7236 7235 7236 7236 7241 7240 7241 7241 0 0 0
7186 7186 7185 7186 7191 7191 7190 7191 7196 7196 7195 7196 7201 7201 7200 7201 7206 7206 7205 7206 7211 7211 7210 7211 7216 7216 7215 7216 7221 7221 7220 7221 7226 7226 7225 7226 7231 7231 7230 7231 7236 7236 7235 7236 7241 7241 7240 7241 0 0 0
7186 7185 7185 7185 7191 7190 7190 7190 7196 7195 7195 7195 7201 7200 7200 7200 7206 7205 7205 7205 7211 7210 7210 7210 7216 7215 7215 7215 7221 7220 7220 7220 7226 7225 7225 7225 7231 7230 7230 7230 7236 7235 7235 7235 7241 7240 7240 7240 0 0 0
7245 7245 7245 7246 7250 7250 7250 7251 7255 7255 7255 7256 7260 7260 7260 7261 7265 7265 7265 7266 7270 7270 7270 7271 7275 7275 7275 7276 7280 7280 7280 7281 7285 7285 7285 7286 7290 7290 7290 7291 7295 7295 7295 7296 7300 7300 7300 7301 0 0 0
7246 7245 7246 7246 7251 7250 7251 7251 7256 7255 7256 7256 7261 7260 7261 7261 7266 7265 7266 7266 7271 7270 7271 7271 7276 7275 7276 7276 7281 7280 7281 7281 7286 7285 7286 7286 7291 7290 7291 7291 7296 7295 7296 7296 7301 7300 7301 7301 0 0 0
7246 7246 7245 7246 7251 7251 7250 7251 7256 7256 7255 7256 7261 7261 7260 7261 7266 7266 7265 7266 7271 7271 7270 7271 7276 7276 7275 7276 7281 7281 7280 7281 7286 7286 7285 7286 7291 7291 7290 7291 7296 7296 7295 7296 7301 7301 7300 7301 0 0 0
7246 7245 7245 7245 7251 7250 7250 7250 7256 7255 7255 7255 7261 7260 7260 7260 7266 7265 7265 7265 7271 7270 7270 7270 7276 7275 7275 7275 7281 7280 7280 7280 7286 7285 7285 7285 7291 7290 7290 7290 7296 7295 7295 7295 7301 7300 7300 7300 0 0 0
7305 7305 7305 7306 7310 7310 7310 7311 7315 7315 7315 7316 7320 7320 7320 7321 7325 7325 7325 7326 7330 7330 7330 7331 7335 7335 7335 7336 7340 7340 7340 7341 7345 7345 7345 7346 7350 7350 7350 7351 360 365 365 365 370 380 0 0 0 0 0
7306 7305 7306 7306 7311 7310 7311 7311 7316 7315 7316 7316 7321 7320 7321 7321 7326 7325 7326 7326 7331 7330 7331 7331 7336 7335 7336 7336 7341 7340 7341 7341 7346 7345 7346 7346 7351 7350 7351 7351 360 360 365 370 370 380 380 0 0 0 0
7306 7306 7305 7306 7311 7311 7310 7311 7316 7316 7315 7316 7321 7321 7320 7321 7326 7326 7325 7326 7331 7331 7330 7331 7336 7336 7335 7336 7341 7341 7340 7341 7346 7346 7345 7346 7351 7351 7350 7351 360 375 375 375 370 380 491 0 0 0 0
7306 7305 7305 7305 7311 7310 7310 7310 7316 7315 7315 7315 7321 7320 7320 7320 7326 7325 7325 7325 7331 7330 7330 7330 7336 7335 7335 7335 7341 7340 7340 7340 7346 7345 7345 7345 7351 7350 7350 7350 386 386 375 0 496 491 491 0 0 0 0
0 486 486 481 481 476 476 471 471 466 466 461 461 456 456 451 451 446 446 441 441 436 436 431 431 426 426 421 421 416 416 411 411 406 406 401 401 396 396 391 391 386 386 496 496 491 511 0 0 0 0
516 516 486 486 481 481 476 476 471 471 466 466 461 461 456 456 451 451 446 446 441 441 436 436 431 431 426 426 421 421 416 416 411 411 406 406 401 401 396 396 391 391 501 496 506 511 511 0 0 0 0
0 516 516 521 526 526 531 531 536 536 541 541 546 546 551 551 556 556 561 561 566 566 571 571 576 576 581 581 586 586 591 591 596 596 601 601 606 606 611 611 0 501 501 506 506 511 631 0 0 0 0
0 641 521 521 616 526 526 531 531 536 536 541 541 546 546 551 551 556 556 561 561 566 566 571 571 576 576 581 581 586 586 591 591 596 596 601 601 606 606 611 611 501 621 506 626 631 631 0 0 0 0
641 641 521 616 616 636 646 646 651 651 656 656 661 661 666 666 676 676 681 681 686 686 691 691 696 696 701 701 706 706 711 711 716 716 721 721 726 726 731 731 0 621 621 626 626 631 751 0 0 0 0
641 671 671 616 636 636 736 646 646 651 651 656 656 661 661 666 666 676 676 681 681 686 686 691 691 696 696 701 701 706 706 711 711 716 716 721 721 726 726 731 731 621 741 626 746 751 751 0 0 0 0
756 756 671 671 636 736 736 761 766 766 771 771 776 776 781 781 791 791 796 796 801 801 806 806 811 811 816 816 821 821 826 826 831 831 836 836 841 841 846 846 0 741 741 746 746 751 866 0 0 0 0
0 756 756 786 786 736 761 761 851 766 766 771 771 776 776 781 781 791 791 796 796 801 801 806 806 811 811 816 816 821 821 826 826 831 831 836 836 841 841 846 846 741 856 746 861 866 866 0 0 0 0
876 876 871 871 786 786 761 851 851 881 886 886 891 891 896 896 906 906 911 911 916 916 921 921 926 926 931 931 936 936 941 941 946 946 951 951 956 956 961 961 0 856 856 861 861 866 981 0 0 0 0
0 876 876 871 871 901 901 851 881 881 966 886 886 891 891 896 896 906 906 911 911 916 916 921 921 926 926 931 931 936 936 941 941 946 946 951 951 956 956 961 961 856 971 861 976 981 981 0 0 0 0
996 996 991 991 986 986 901 901 881 966 966 1001 1006 1006 1011 1011 1021 1021 1026 1026 1031 1031 1036 1036 1041 1041 1046 1046 1051 1051 1056 1056 1061 1061 1066 1066 1071 1071 1076 1076 0 971 971 976 976 981 1096 0 0 0 0
0 996 996 991 991 986 986 1016 1016 966 1001 1001 1081 1006 1006 1011 1011 1021 1021 1026 1026 1031 1031 1036 1036 1041 1041 1046 1046 1051 1051 1056 1056 1061 1061 1066 1066 1071 1071 1076 1076 971 1086 976 1091 1096 1096 0 0 0 0
1116 1116 1111 1111 1106 1106 1101 1101 1016 1016 1001 1081 1081 1121 1126 1126 1136 1136 1141 1141 1146 1146 1151 1151 1156 1156 1161 1161 1166 1166 1171 1171 1176 1176 1181 1181 1186 1186 1191 1191 0 1086 1086 1091 1091 1096 1211 0 0 0 0
0 1116 1116 1111 1111 1106 1106 1101 1101 1131 1131 1081 1121 1121 1196 1126 1126 1136 1136 1141 1141 1146 1146 1151 1151 1156 1156 1161 1161 1166 1166 1171 1171 1176 1176 1181 1181 1186 1186 1191 1191 1086 1201 1091 1206 1211 1211 0 0 0 0
1236 1236 1231 1231 1226 1226 1221 1221 1216 1216 1131 1131 1121 1196 1196 1241 1266 1266 1271 1271 1276 1276 1281 1281 1286 1286 1291 1291 1296 1296 1301 1301 1306 1306 1311 1311 1316 1316 1321 1321 0 1201 1201 1206 1206 1211 1261 0 0 0 0
0 1236 1236 1231 1231 1226 1226 1221 1221 1216 1216 1246 1246 1196 1241 1241 1326 1266 1266 1271 1271 1276 1276 1281 1281 1286 1286 1291 1291 1296 1296 1301 1301 1306 1306 1311 1311 1316 1316 1321 1321 1201 1251 1206 1256 1261 1261 0 0 0 0
1366 1366 1351 1351 1346 1346 1341 1341 1336 1336 1331 1331 1246 1246 1241 1326 1326 1361 1386 1386 1391 1391 1396 1396 1401 1401 1406 1406 1411 1411 1416 1416 1421 1421 1426 1426 1431 1431 1436 1436 0 1251 1251 1256 1256 1261 1381 0 0 0 0
0 1366 1366 1351 1351 1346 1346 1341 1341 1336 1336 1331 1331 1356 1356 1326 1361 1361 1441 1386 1386 1391 1391 1396 1396 1401 1401 1406 1406 1411 1411 1416 1416 1421 1421 1426 1426 1431 1431 1436 1436 1251 1371 1256 1376 1381 1381 0 0 0 0
1486 1486 1471 1471 1466 1466 1461 1461 1456 1456 1451 1451 1446 1446 1356 1356 1361 1441 1441 1481 1506 1506 1511 1511 1516 1516 1521 1521 1526 1526 1531 1531 1536 1536 1541 1541 1546 1546 1551 1551 0 1371 1371 1376 1376 1381 1501 0 0 0 0
0 1486 1486 1471 1471 1466 1466 1461 1461 1456 1456 1451 1451 1446 1446 1476 1476 1441 1481 1481 1556 1506 1506 1511 1511 1516 1516 1521 1521 1526 1526 1531 1531 1536 1536 1541 1541 1546 1546 1551 1551 1371 1491 1376 1496 1501 1501 0 0 0 0
1606 1606 1591 1591 1586 1586 1581 1581 1576 1576 1571 1571 1566 1566 1561 1561 1476 1476 1481 1556 1556 1601 1626 1626 1631 1631 1636 1636 1641 1641 1646 1646 1651 1651 1656 1656 1661 1661 1666 1666 0 1491 1491 1496 1496 1501 1621 0 0 0 0
0 1606 1606 1591 1591 1586 1586 1581 1581 1576 1576 1571 1571 1566 1566 1561 1561 1596 1596 1556 1601 1601 1671 1626 1626 1631 1631 1636 1636 1641 1641 1646 1646 1651 1651 1656 1656 1661 1661 1666 1666 1491 1611 1496 1616 1621 1621 0 0 0 0
0 0 0 0 0 0 0 0 0 0 0 0 0 0 0 0 0 0 1596 1596 1601 1671 1671 0 0 0 0 0 0 0 0 0 0 0 0 0 0 0 0 0 0 1611 1611 1616 1616 1621 0 0 0 0 0
0 0 0 0 0 0 0 0 0 0 0 0 0 0 0 0 0 0 0 0 0 1671 0 0 0 0 0 0 0 0 0 0 0 0 0 0 0 0 0 0 0 1611 0 1616 0 0 0 0 0 0 0
0 0 0 0 0 0 0 0 0 0 0 0 0 0 0 0 0 0 0 0 0 0 0 0 0 0 0 0 0 0 0 0 0 0 0 0 0 0 0 0 0 0 0 0 0 0 0 0 0 0 0
0 0 0 0 0 0 0 0 0 0 0 0 0 0 0 0 0 0 0 0 0 0 0 0 0 0 0 0 0 0 0 0 0 0 0 0 0 0 0 0 0 0 0 0 0 0 0 0 0 0 0
0 0 0 0 0 0 0 0 0 0 0 0 0 0 0 0 0 0 0 0 0 0 0 0 0 0 0 0 0 0 0 0 0 0 0 0 0 0 0 0 0 0 0 0 0 0 0 0 0 0 0
