800904
Zlaganje

252
59 59
5004 5004 5004 5005 5009 5009 5009 5010 5014 5014 5014 5015 5019 5019 5019 5020 5024 5024 5024 5025 5029 5029 5029 5030 5034 5034 5034 5035 5039 5039 5039 5040 5044 5044 5044 5045 5049 5049 5049 5050 5054 5054 5054 5055 5059 5059 5059 5060 5064 5064 5064 5065 5069 5069 5069 5070 0 0 0
5005 5005 5004 5005 5010 5010 5009 5010 5015 5015 5014 5015 5020 5020 5019 5020 5025 5025 5024 5025 5030 5030 5029 5030 5035 5035 5034 5035 5040 5040 5039 5040 5045 5045 5044 5045 5050 5050 5049 5050 5055 5055 5054 5055 5060 5060 5059 5060 5065 5065 5064 5065 5070 5070 5069 5070 0 0 0
5005 5004 5005 5005 5010 5009 5010 5010 5015 5014 5015 5015 5020 5019 5020 5020 5025 5024 5025 5025 5030 5029 5030 5030 5035 5034 5035 5035 5040 5039 5040 5040 5045 5044 5045 5045 5050 5049 5050 5050 5055 5054 5055 5055 5060 5059 5060 5060 5065 5064 5065 5065 5070 5069 5070 5070 0 0 0
5005 5004 5004 5004 5010 5009 5009 5009 5015 5014 5014 5014 5020 5019 5019 5019 5025 5024 5024 5024 5030 5029 5029 5029 5035 5034 5034 5034 5040 5039 5039 5039 5045 5044 5044 5044 5050 5049 5049 5049 5055 5054 5054 5054 5060 5059 5059 5059 5065 5064 5064 5064 5070 5069 5069 5069 0 0 0
5074 5074 5074 5075 5079 5079 5079 5080 5084 5084 5084 5085 5089 5089 5089 5090 5094 5094 5094 5095 5099 5099 5099 5100 5104 5104 5104 5105 5109 5109 5109 5110 5114 5114 5114 5115 5119 5119 5119 5120 5124 5124 5124 5125 5129 5129 5129 5130 5134 5134 5134 5135 5139 5139 5139 5140 0 0 0
5075 5075 5074 5075 5080 5080 5079 5080 5085 5085 5084 5085 5090 5090 5089 5090 5095 5095 5094 5095 5100 5100 5099 5100 5105 5105 5104 5105 5110 5110 5109 5110 5115 5115 5114 5115 5120 5120 5119 5120 5125 5125 5124 5125 5130 5130 5129 5130 5135 5135 5134 5135 5140 5140 5139 5140 0 0 0
5075 5074 5075 5075 5080 5079 5080 5080 5085 5084 5085 5085 5090 5089 5090 5090 5095 5094 5095 5095 5100 5099 5100 5100 5105 5104 5105 5105 5110 5109 5110 5110 5115 5114 5115 5115 5120 5119 5120 5120 5125 5124 5125 5125 5130 5129 5130 5130 5135 5134 5135 5135 5140 5139 5140 5140 0 0 0
5075 5074 5074 5074 5080 5079 5079 5079 5085 5084 5084 5084 5090 5089 5089 5089 5095 5094 5094 5094 5100 5099 5099 5099 5105 5104 5104 5104 5110 5109 5109 5109 5115 5114 5114 5114 5120 5119 5119 5119 5125 5124 5124 5124 5130 5129 5129 5129 5135 5134 5134 5134 5140 5139 5139 5139 0 0 0
5144 5144 5144 5145 5149 5149 5149 5150 5154 5154 5154 5155 5159 5159 5159 5160 5164 5164 5164 5165 5169 5169 5169 5170 5174 5174 5174 5175 5179 5179 5179 5180 5184 5184 5184 5185 5189 5189 5189 5190 5194 5194 5194 5195 5199 5199 5199 5200 5204 5204 5204 5205 5209 5209 5209 5210 0 0 0
5145 5145 5144 5145 5150 5150 5149 5150 5155 5155 5154 5155 5160 5160 5159 5160 5165 5165 5164 5165 5170 5170 5169 5170 5175 5175 5174 5175 5180 5180 5179 5180 5185 5185 5184 5185 5190 5190 5189 5190 5195 5195 5194 5195 5200 5200 5199 5200 5205 5205 5204 5205 5210 5210 5209 5210 0 0 0
5145 5144 5145 5145 5150 5149 5150 5150 5155 5154 5155 5155 5160 5159 5160 5160 5165 5164 5165 5165 5170 5169 5170 5170 5175 5174 5175 5175 5180 5179 5180 5180 5185 5184 5185 5185 5190 5189 5190 5190 5195 5194 5195 5195 5200 5199 5200 5200 5205 5204 5205 5205 5210 5209 5210 5210 0 0 0
5145 5144 5144 5144 5150 5149 5149 5149 5155 5154 5154 5154 5160 5159 5159 5159 5165 5164 5164 5164 5170 5169 5169 5169 5175 5174 5174 5174 5180 5179 5179 5179 5185 5184 5184 5184 5190 5189 5189 5189 5195 5194 5194 5194 5200 5199 5199 5199 5205 5204 5204 5204 5210 5209 5209 5209 0 0 0
5214 5214 5214 5215 5219 5219 5219 5220 5224 5224 5224 5225 5229 5229 5229 5230 5234 5234 5234 5235 5239 5239 5239 5240 5244 5244 5244 5245 5249 5249 5249 5250 5254 5254 5254 5255 5259 5259 5259 5260 5264 5264 5264 5265 5269 5269 5269 5270 5274 5274 5274 5275 5279 5279 5279 5280 0 0 0
5215 5215 5214 5215 5220 5220 5219 5220 5225 5225 5224 5225 5230 5230 5229 5230 5235 5235 5234 5235 5240 5240 5239 5240 5245 5245 5244 5245 5250 5250 5249 5250 5255 5255 5254 5255 5260 5260 5259 5260 5265 5265 5264 5265 5270 5270 5269 5270 5275 5275 5274 5275 5280 5280 5279 5280 0 0 0
5215 5214 5215 5215 5220 5219 5220 5220 5225 5224 5225 5225 5230 5229 5230 5230 5235 5234 5235 5235 5240 5239 5240 5240 5245 5244 5245 5245 5250 5249 5250 5250 5255 5254 5255 5255 5260 5259 5260 5260 5265 5264 5265 5265 5270 5269 5270 5270 5275 5274 5275 5275 5280 5279 5280 5280 0 0 0
5215 5214 5214 5214 5220 5219 5219 5219 5225 5224 5224 5224 5230 5229 5229 5229 5235 5234 5234 5234 5240 5239 5239 5239 5245 5244 5244 5244 5250 5249 5249 5249 5255 5254 5254 5254 5260 5259 5259 5259 5265 5264 5264 5264 5270 5269 5269 5269 5275 5274 5274 5274 5280 5279 5279 5279 0 0 0
5284 5284 5284 5285 5289 5289 5289 5290 7295 7295 7295 7296 7300 7300 7300 7301 7305 7305 7305 7306 7310 7310 7310 7311 7315 7315 7315 7316 7320 7320 7320 7321 7325 7325 7325 7326 7330 7330 7330 7331 7335 7335 7335 7336 7340 7340 7340 7341 7345 7345 7345 7346 7350 7350 7350 7351 0 0 0
5285 5285 5284 5285 5290 5290 5289 5290 7296 7295 7296 7296 7301 7300 7301 7301 7306 7305 7306 7306 7311 7310 7311 7311 7316 7315 7316 7316 7321 7320 7321 7321 7326 7325 7326 7326 7331 7330 7331 7331 7336 7335 7336 7336 7341 7340 7341 7341 7346 7345 7346 7346 7351 7350 7351 7351 0 0 0
5285 5284 5285 5285 5290 5289 5290 5290 7296 7296 7295 7296 7301 7301 7300 7301 7306 7306 7305 7306 7311 7311 7310 7311 7316 7316 7315 7316 7321 7321 7320 7321 7326 7326 7325 7326 7331 7331 7330 7331 7336 7336 7335 7336 7341 7341 7340 7341 7346 7346 7345 7346 7351 7351 7350 7351 0 0 0
5285 5284 5284 5284 5290 5289 5289 5289 7296 7295 7295 7295 7301 7300 7300 7300 7306 7305 7305 7305 7311 7310 7310 7310 7316 7315 7315 7315 7321 7320 7320 7320 7326 7325 7325 7325 7331 7330 7330 7330 7336 7335 7335 7335 7341 7340 7340 7340 7346 7345 7345 7345 7351 7350 7350 7350 0 0 0
7355 7355 7355 7356 7360 7360 7360 7361 7365 7365 7365 7366 7370 7370 7370 7371 7375 7375 7375 7376 7380 7380 7380 7381 7385 7385 7385 7386 7390 7390 7390 7391 7395 7395 7395 7396 7400 7400 7400 7401 7405 7405 7405 7406 7410 7410 7410 7411 7415 7415 7415 7416 7420 7420 7420 7421 0 0 0
7356 7355 7356 7356 7361 7360 7361 7361 7366 7365 7366 7366 7371 7370 7371 7371 7376 7375 7376 7376 7381 7380 7381 7381 7386 7385 7386 7386 7391 7390 7391 7391 7396 7395 7396 7396 7401 7400 7401 7401 7406 7405 7406 7406 7411 7410 7411 7411 7416 7415 7416 7416 7421 7420 7421 7421 0 0 0
7356 7356 7355 7356 7361 7361 7360 7361 7366 7366 7365 7366 7371 7371 7370 7371 7376 7376 7375 7376 7381 7381 7380 7381 7386 7386 7385 7386 7391 7391 7390 7391 7396 7396 7395 7396 7401 7401 7400 7401 7406 7406 7405 7406 7411 7411 7410 7411 7416 7416 7415 7416 7421 7421 7420 7421 0 0 0
7356 7355 7355 7355 7361 7360 7360 7360 7366 7365 7365 7365 7371 7370 7370 7370 7376 7375 7375 7375 7381 7380 7380 7380 7386 7385 7385 7385 7391 7390 7390 7390 7396 7395 7395 7395 7401 7400 7400 7400 7406 7405 7405 7405 7411 7410 7410 7410 7416 7415 7415 7415 7421 7420 7420 7420 0 0 0
7425 7425 7425 7426 7430 7430 7430 7431 7435 7435 7435 7436 7440 7440 7440 7441 7445 7445 7445 7446 7450 7450 7450 7451 7455 7455 7455 7456 7460 7460 7460 7461 7465 7465 7465 7466 7470 7470 7470 7471 7475 7475 7475 7476 7480 7480 7480 7481 7485 7485 7485 7486 7490 7490 7490 7491 0 0 0
7426 7425 7426 7426 7431 7430 7431 7431 7436 7435 7436 7436 7441 7440 7441 7441 7446 7445 7446 7446 7451 7450 7451 7451 7456 7455 7456 7456 7461 7460 7461 7461 7466 7465 7466 7466 7471 7470 7471 7471 7476 7475 7476 7476 7481 7480 7481 7481 7486 7485 7486 7486 7491 7490 7491 7491 0 0 0
7426 7426 7425 7426 7431 7431 7430 7431 7436 7436 7435 7436 7441 7441 7440 7441 7446 7446 7445 7446 7451 7451 7450 7451 7456 7456 7455 7456 7461 7461 7460 7461 7466 7466 7465 7466 7471 7471 7470 7471 7476 7476 7475 7476 7481 7481 7480 7481 7486 7486 7485 7486 7491 7491 7490 7491 0 0 0
7426 7425 7425 7425 7431 7430 7430 7430 7436 7435 7435 7435 7441 7440 7440 7440 7446 7445 7445 7445 7451 7450 7450 7450 7456 7455 7455 7455 7461 7460 7460 7460 7466 7465 7465 7465 7471 7470 7470 7470 7476 7475 7475 7475 7481 7480 7480 7480 7486 7485 7485 7485 7491 7490 7490 7490 0 0 0
7495 7495 7495 7496 7500 7500 7500 7501 7505 7505 7505 7506 7510 7510 7510 7511 7515 7515 7515 7516 7520 7520 7520 7521 7525 7525 7525 7526 7530 7530 7530 7531 7535 7535 7535 7536 7540 7540 7540 7541 7545 7545 7545 7546 7550 7550 7550 7551 7555 7555 7555 7556 7560 7560 7560 7561 0 0 0
7496 7495 7496 7496 7501 7500 7501 7501 7506 7505 7506 7506 7511 7510 7511 7511 7516 7515 7516 7516 7521 7520 7521 7521 7526 7525 7526 7526 7531 7530 7531 7531 7536 7535 7536 7536 7541 7540 7541 7541 7546 7545 7546 7546 7551 7550 7551 7551 7556 7555 7556 7556 7561 7560 7561 7561 0 0 0
7496 7496 7495 7496 7501 7501 7500 7501 7506 7506 7505 7506 7511 7511 7510 7511 7516 7516 7515 7516 7521 7521 7520 7521 7526 7526 7525 7526 7531 7531 7530 7531 7536 7536 7535 7536 7541 7541 7540 7541 7546 7546 7545 7546 7551 7551 7550 7551 7556 7556 7555 7556 7561 7561 7560 7561 0 0 0
7496 7495 7495 7495 7501 7500 7500 7500 7506 7505 7505 7505 7511 7510 7510 7510 7516 7515 7515 7515 7521 7520 7520 7520 7526 7525 7525 7525 7531 7530 7530 7530 7536 7535 7535 7535 7541 7540 7540 7540 7546 7545 7545 7545 7551 7550 7550 7550 7556 7555 7555 7555 7561 7560 7560 7560 0 0 0
7565 7565 7565 7566 8571 8571 8572 8572 8576 8576 8577 8577 8581 8581 8582 8582 8586 8586 8587 8587 8591 8591 8592 8592 8596 8596 8597 8597 602 602 607 607 612 612 617 617 622 622 629 634 634 639 639 639 649 655 660 660 660 665 675 0 722 0 0 0 0 0 0
7566 7565 7566 7566 8571 8571 8572 8572 8576 8576 8577 8577 8581 8581 8582 8582 8586 8586 8587 8587 8591 8591 8592 8592 8596 8596 8597 8597 602 602 607 607 612 612 617 617 622 622 629 634 644 644 644 639 649 655 655 660 665 665 675 675 722 722 0 0 0 0 0
7566 7566 7565 7566 8572 8572 8571 8571 8577 8577 8576 8576 8582 8582 8581 8581 8587 8587 8586 8586 8592 8592 8591 8591 8597 8597 8596 8596 742 0 0 747 747 752 752 0 707 629 629 634 682 682 644 649 649 655 670 670 670 665 675 717 717 722 0 0 0 0 0
7566 7565 7565 7565 8572 8572 8571 8571 8577 8577 8576 8576 8582 8582 8581 8581 8587 8587 8586 8586 8592 8592 8591 8591 8597 8597 8596 8596 742 742 747 747 752 752 757 757 707 707 702 682 682 687 687 692 692 697 697 670 712 712 717 717 727 727 777 777 0 0 0
0 847 847 842 842 837 837 832 832 827 827 822 822 817 817 812 812 807 807 802 802 797 797 792 792 787 787 782 782 742 767 767 772 757 757 762 762 707 702 702 687 687 692 692 697 697 737 712 712 732 732 727 727 777 777 0 0 0 0
847 847 842 842 837 837 832 832 827 827 822 822 817 817 812 812 807 807 802 802 797 797 792 792 787 787 782 782 862 767 767 852 772 772 762 762 0 872 872 702 877 877 882 882 887 887 737 737 732 732 897 897 902 902 907 907 0 0 0
0 987 987 982 982 977 977 972 972 967 967 962 962 957 957 952 952 947 947 942 942 937 937 932 932 927 927 912 862 862 867 852 852 772 857 857 872 872 917 877 877 882 882 887 887 892 892 737 922 897 897 902 902 907 907 0 0 0 0
987 987 982 982 977 977 972 972 967 967 962 962 957 957 952 952 947 947 942 942 937 937 932 932 927 927 992 912 912 862 867 867 852 857 857 1012 1012 1017 917 917 0 1037 1037 1032 892 892 1002 1002 922 922 1052 0 0 1057 1057 0 0 0 0
0 1157 1157 1152 1152 1147 1147 1142 1142 1137 1137 1132 1132 1127 1127 1122 1122 1117 1117 1112 1112 1107 1107 1102 1102 1047 992 992 912 997 997 867 1022 1022 1012 1012 1027 1017 1017 917 1037 1037 1042 1032 1032 1002 1002 1007 1007 922 1052 1052 1057 1057 1202 1202 0 0 0
1157 1157 1152 1152 1147 1147 1142 1142 1137 1137 1132 1132 1127 1127 1122 1122 1117 1117 1112 1112 1107 1107 1102 1102 1162 1047 1047 992 997 997 1072 1022 1022 1077 1077 1082 1027 1027 1017 1062 1062 1067 1042 1042 1032 1087 1007 1007 1092 1092 1097 1052 1217 1202 1202 0 0 0 0
0 1297 1297 1292 1292 1287 1287 1282 1282 1277 1277 1272 1272 1267 1267 1262 1262 1257 1257 1252 1252 1247 1247 1197 1162 1162 1047 1167 1167 1172 1072 1072 1077 1077 1177 1082 1082 1027 1062 1062 1182 1067 1067 1042 1187 1087 1087 1092 1092 1192 1097 1097 1217 1217 0 0 0 0 0
1297 1297 1292 1292 1287 1287 1282 1282 1277 1277 1272 1272 1267 1267 1262 1262 1257 1257 1252 1252 1247 1247 1302 1197 1197 1162 1167 1167 1222 1172 1172 1072 1207 1207 1177 1177 1082 1227 1227 1232 1182 1182 1067 1237 1187 1187 1087 1212 1212 1192 1192 1097 1242 1217 0 0 0 0 0
0 1427 1427 1422 1422 1417 1417 1412 1412 1407 1407 1402 1402 1397 1397 1392 1392 1387 1387 1382 1382 1367 1302 1302 1197 1307 1307 1312 1222 1222 1172 1207 1207 1317 1317 1177 1227 1227 1327 1232 1232 1182 1332 1237 1237 1187 1212 1212 1337 1337 1192 1347 1242 1242 0 0 0 0 0
1427 1427 1422 1422 1417 1417 1412 1412 1407 1407 1402 1402 1397 1397 1392 1392 1387 1387 1382 1382 1432 1367 1367 1302 1307 1307 1352 1312 1312 1222 1322 1322 1317 1317 1372 1372 1377 1377 1327 1327 1232 1357 1332 1332 1237 1342 1342 1337 1337 1362 1362 1347 1347 1242 1517 1517 0 0 0
0 1567 1567 1562 1562 1557 1557 1552 1552 1547 1547 1542 1542 1537 1537 1532 1532 1527 1527 1497 1432 1432 1367 1437 1437 1442 1352 1352 1312 1322 1322 1447 1447 1372 1372 1377 1377 1452 1452 1327 1462 1357 1357 1332 1342 1342 1467 1467 1362 1362 1477 1477 1347 1517 1517 0 0 0 0
1567 1567 1562 1562 1557 1557 1552 1552 1547 1547 1542 1542 1537 1537 1532 1532 1527 1527 1572 1497 1497 1432 1437 1437 1482 1442 1442 1352 1457 1457 1447 1447 1502 1502 1507 1507 1452 1452 1487 1487 1462 1462 1357 1472 1472 1467 1467 1492 1492 1477 1477 1512 1512 1522 1522 0 0 0 0
0 1707 1707 1702 1702 1697 1697 1692 1692 1687 1687 1682 1682 1677 1677 1672 1672 1632 1572 1572 1497 1577 1577 1582 1482 1482 1442 1457 1457 1587 1587 1502 1502 1507 1507 1597 1597 1487 1487 1602 1602 1462 1472 1472 1607 1607 1492 1492 1612 1612 1512 1512 1522 1522 1667 1667 0 0 0
1707 1707 1702 1702 1697 1697 1692 1692 1687 1687 1682 1682 1677 1677 1672 1672 1712 1632 1632 1572 1577 1577 1617 1582 1582 1482 1592 1592 1587 1587 1637 1637 1642 1642 1597 1597 1622 1622 1602 1602 1647 1647 1652 1607 1607 1627 1627 1612 1612 1657 1657 1662 1662 1667 1667 0 0 0 0
0 1847 1847 1842 1842 1837 1837 1832 1832 1827 1827 1822 1822 1817 1817 1767 1712 1712 1632 1717 1717 1722 1617 1617 1582 1592 1592 1727 1727 1637 1637 1642 1642 1737 1737 1622 1622 1742 1742 1647 1647 1747 1652 1652 1627 1627 1752 1752 1657 1657 1662 1662 1772 1772 1777 1777 0 0 0
1847 1847 1842 1842 1837 1837 1832 1832 1827 1827 1822 1822 1817 1817 1852 1767 1767 1712 1717 1717 1757 1722 1722 1617 1732 1732 1727 1727 1782 1782 1787 1787 1737 1737 1762 1762 1742 1742 1792 1792 1797 1747 1747 1652 1802 1752 1752 1807 1807 1812 1812 1772 1772 1777 1777 0 0 0 0
0 0 0 0 0 0 0 0 0 0 0 0 0 0 1852 1852 1767 1857 1857 1862 1757 1757 1722 1732 1732 1867 1867 1782 1782 1787 1787 1877 1877 1762 1762 1882 1882 1792 1792 1887 1797 1797 1747 1892 1802 1802 1807 1807 1812 1812 0 0 0 0 0 0 0 0 0
0 0 0 0 0 0 0 0 0 0 0 0 0 0 0 1852 1857 1857 1897 1862 1862 1757 1872 1872 1867 1867 0 0 0 0 1877 1877 1902 1902 1882 1882 0 0 0 1887 1887 1797 1907 1892 1892 1802 0 0 0 0 0 0 0 0 0 0 0 0 0
0 0 0 0 0 0 0 0 0 0 0 0 0 0 0 0 0 0 1897 1897 1862 1872 1872 0 0 0 0 0 0 0 0 1902 1902 0 0 0 0 0 0 0 1887 0 1907 1907 1892 0 0 0 0 0 0 0 0 0 0 0 0 0 0
0 0 0 0 0 0 0 0 0 0 0 0 0 0 0 0 0 0 0 1897 0 0 0 0 0 0 0 0 0 0 0 0 0 0 0 0 0 0 0 0 0 0 0 1907 0 0 0 0 0 0 0 0 0 0 0 0 0 0 0
0 0 0 0 0 0 0 0 0 0 0 0 0 0 0 0 0 0 0 0 0 0 0 0 0 0 0 0 0 0 0 0 0 0 0 0 0 0 0 0 0 0 0 0 0 0 0 0 0 0 0 0 0 0 0 0 0 0 0
0 0 0 0 0 0 0 0 0 0 0 0 0 0 0 0 0 0 0 0 0 0 0 0 0 0 0 0 0 0 0 0 0 0 0 0 0 0 0 0 0 0 0 0 0 0 0 0 0 0 0 0 0 0 0 0 0 0 0
0 0 0 0 0 0 0 0 0 0 0 0 0 0 0 0 0 0 0 0 0 0 0 0 0 0 0 0 0 0 0 0 0 0 0 0 0 0 0 0 0 0 0 0 0 0 0 0 0 0 0 0 0 0 0 0 0 0 0
