800904
Zlaganje

271
44 44
6004 6003 6003 6003 6009 6008 6008 6008 6024 6023 6023 6023 6034 6033 6033 6033 6044 6043 6043 6043 6054 6053 6053 6053 6064 6063 6063 6063 6074 6073 6073 6073 6084 6083 6083 6083 6094 6093 6093 6093 0 0 0 0
6004 6003 6004 6004 6009 6008 6009 6009 6024 6023 6024 6024 6034 6033 6034 6034 6044 6043 6044 6044 6054 6053 6054 6054 6064 6063 6064 6064 6074 6073 6074 6074 6084 6083 6084 6084 6094 6093 6094 6094 0 0 0 0
6004 6004 6003 6004 6009 6009 6008 6009 6024 6024 6023 6024 6034 6034 6033 6034 6044 6044 6043 6044 6054 6054 6053 6054 6064 6064 6063 6064 6074 6074 6073 6074 6084 6084 6083 6084 6094 6094 6093 6094 0 0 0 0
6003 6003 6003 6004 6008 6008 6008 6009 6023 6023 6023 6024 6033 6033 6033 6034 6043 6043 6043 6044 6053 6053 6053 6054 6063 6063 6063 6064 6073 6073 6073 6074 6083 6083 6083 6084 6093 6093 6093 6094 0 0 0 0
6014 6013 6013 6013 6019 6018 6018 6018 6029 6028 6028 6028 6039 6038 6038 6038 6049 6048 6048 6048 6059 6058 6058 6058 6069 6068 6068 6068 6079 6078 6078 6078 6089 6088 6088 6088 6099 6098 6098 6098 0 0 0 0
6014 6013 6014 6014 6019 6018 6019 6019 6029 6028 6029 6029 6039 6038 6039 6039 6049 6048 6049 6049 6059 6058 6059 6059 6069 6068 6069 6069 6079 6078 6079 6079 6089 6088 6089 6089 6099 6098 6099 6099 0 0 0 0
6014 6014 6013 6014 6019 6019 6018 6019 6029 6029 6028 6029 6039 6039 6038 6039 6049 6049 6048 6049 6059 6059 6058 6059 6069 6069 6068 6069 6079 6079 6078 6079 6089 6089 6088 6089 6099 6099 6098 6099 0 0 0 0
6013 6013 6013 6014 6018 6018 6018 6019 6028 6028 6028 6029 6038 6038 6038 6039 6048 6048 6048 6049 6058 6058 6058 6059 6068 6068 6068 6069 6078 6078 6078 6079 6088 6088 6088 6089 6098 6098 6098 6099 0 0 0 0
6104 6103 6103 6103 6109 6108 6108 6108 6114 6113 6113 6113 6119 6118 6118 6118 6124 6123 6123 6123 6129 6128 6128 6128 6134 6133 6133 6133 6139 6138 6138 6138 6144 6143 6143 6143 6149 6148 6148 6148 0 0 0 0
6104 6103 6104 6104 6109 6108 6109 6109 6114 6113 6114 6114 6119 6118 6119 6119 6124 6123 6124 6124 6129 6128 6129 6129 6134 6133 6134 6134 6139 6138 6139 6139 6144 6143 6144 6144 6149 6148 6149 6149 0 0 0 0
6104 6104 6103 6104 6109 6109 6108 6109 6114 6114 6113 6114 6119 6119 6118 6119 6124 6124 6123 6124 6129 6129 6128 6129 6134 6134 6133 6134 6139 6139 6138 6139 6144 6144 6143 6144 6149 6149 6148 6149 0 0 0 0
6103 6103 6103 6104 6108 6108 6108 6109 6113 6113 6113 6114 6118 6118 6118 6119 6123 6123 6123 6124 6128 6128 6128 6129 6133 6133 6133 6134 6138 6138 6138 6139 6143 6143 6143 6144 6148 6148 6148 6149 0 0 0 0
6154 6153 6153 6153 6159 6158 6158 6158 6164 6163 6163 6163 6169 6168 6168 6168 6174 6173 6173 6173 6179 6178 6178 6178 6184 6183 6183 6183 6189 6188 6188 6188 6194 6193 6193 6193 6199 6198 6198 6198 0 0 0 0
6154 6153 6154 6154 6159 6158 6159 6159 6164 6163 6164 6164 6169 6168 6169 6169 6174 6173 6174 6174 6179 6178 6179 6179 6184 6183 6184 6184 6189 6188 6189 6189 6194 6193 6194 6194 6199 6198 6199 6199 0 0 0 0
6154 6154 6153 6154 6159 6159 6158 6159 6164 6164 6163 6164 6169 6169 6168 6169 6174 6174 6173 6174 6179 6179 6178 6179 6184 6184 6183 6184 6189 6189 6188 6189 6194 6194 6193 6194 6199 6199 6198 6199 0 0 0 0
6153 6153 6153 6154 6158 6158 6158 6159 6163 6163 6163 6164 6168 6168 6168 6169 6173 6173 6173 6174 6178 6178 6178 6179 6183 6183 6183 6184 6188 6188 6188 6189 6193 6193 6193 6194 6198 6198 6198 6199 0 0 0 0
6204 6203 6203 6203 6209 6208 6208 6208 6214 6213 6213 6213 6219 6218 6218 6218 6224 6223 6223 6223 6229 6228 6228 6228 6234 6233 6233 6233 6239 6238 6238 6238 6244 6243 6243 6243 6249 6248 6248 6248 0 0 0 0
6204 6203 6204 6204 6209 6208 6209 6209 6214 6213 6214 6214 6219 6218 6219 6219 6224 6223 6224 6224 6229 6228 6229 6229 6234 6233 6234 6234 6239 6238 6239 6239 6244 6243 6244 6244 6249 6248 6249 6249 0 0 0 0
6204 6204 6203 6204 6209 6209 6208 6209 6214 6214 6213 6214 6219 6219 6218 6219 6224 6224 6223 6224 6229 6229 6228 6229 6234 6234 6233 6234 6239 6239 6238 6239 6244 6244 6243 6244 6249 6249 6248 6249 0 0 0 0
6203 6203 6203 6204 6208 6208 6208 6209 6213 6213 6213 6214 6218 6218 6218 6219 6223 6223 6223 6224 6228 6228 6228 6229 6233 6233 6233 6234 6238 6238 6238 6239 6243 6243 6243 6244 6248 6248 6248 6249 0 0 0 0
6254 6253 6253 6253 6259 6258 6258 6258 6264 6263 6263 6263 6269 6268 6268 6268 6274 6273 6273 6273 6279 6278 6278 6278 6284 6283 6283 6283 6289 6288 6288 6288 6294 6293 6293 6293 6299 6298 6298 6298 0 0 0 0
6254 6253 6254 6254 6259 6258 6259 6259 6264 6263 6264 6264 6269 6268 6269 6269 6274 6273 6274 6274 6279 6278 6279 6279 6284 6283 6284 6284 6289 6288 6289 6289 6294 6293 6294 6294 6299 6298 6299 6299 0 0 0 0
6254 6254 6253 6254 6259 6259 6258 6259 6264 6264 6263 6264 6269 6269 6268 6269 6274 6274 6273 6274 6279 6279 6278 6279 6284 6284 6283 6284 6289 6289 6288 6289 6294 6294 6293 6294 6299 6299 6298 6299 0 0 0 0
6253 6253 6253 6254 6258 6258 6258 6259 6263 6263 6263 6264 6268 6268 6268 6269 6273 6273 6273 6274 6278 6278 6278 6279 6283 6283 6283 6284 6288 6288 6288 6289 6293 6293 6293 6294 6298 6298 6298 6299 0 0 0 0
6304 6303 6303 6303 6309 6308 6308 6308 6314 6313 6313 6313 6319 6318 6318 6318 8326 8326 8327 8327 8331 8331 8332 8332 8336 8336 8337 8337 8341 8341 8342 8342 8346 8346 8347 8347 8351 8351 8352 8352 0 0 0 0
6304 6303 6304 6304 6309 6308 6309 6309 6314 6313 6314 6314 6319 6318 6319 6319 8326 8326 8327 8327 8331 8331 8332 8332 8336 8336 8337 8337 8341 8341 8342 8342 8346 8346 8347 8347 8351 8351 8352 8352 0 0 0 0
6304 6304 6303 6304 6309 6309 6308 6309 6314 6314 6313 6314 6319 6319 6318 6319 8327 8327 8326 8326 8332 8332 8331 8331 8337 8337 8336 8336 8342 8342 8341 8341 8347 8347 8346 8346 8352 8352 8351 8351 0 0 0 0
6303 6303 6303 6304 6308 6308 6308 6309 6313 6313 6313 6314 6318 6318 6318 6319 8327 8327 8326 8326 8332 8332 8331 8331 8337 8337 8336 8336 8342 8342 8341 8341 8347 8347 8346 8346 8352 8352 8351 8351 0 0 0 0
357 357 362 362 367 367 372 372 378 378 378 383 388 388 388 393 398 398 398 406 416 416 421 421 0 0 0 0 0 0 0 0 0 0 0 0 0 0 0 0 0 0 0 0
357 357 362 362 367 367 372 372 378 383 383 383 388 393 393 393 398 411 406 406 0 416 416 421 421 0 0 0 0 0 0 0 0 0 0 0 0 0 0 0 0 0 0 0
0 0 0 0 0 0 0 0 0 0 0 0 0 0 0 0 411 411 406 0 0 0 0 0 0 0 0 0 0 0 0 0 0 0 0 0 0 0 0 0 0 0 0 0
0 0 0 0 0 0 0 0 0 0 0 0 0 0 0 0 411 0 0 0 0 0 0 0 0 0 0 0 0 0 0 0 0 0 0 0 0 0 0 0 0 0 0 0
0 0 0 0 0 0 0 0 0 0 0 0 0 0 0 0 0 0 0 0 0 0 0 0 0 0 0 0 0 0 0 0 0 0 0 0 0 0 0 0 0 0 0 0
0 0 0 0 0 0 0 0 0 0 0 0 0 0 0 0 0 0 0 0 0 0 0 0 0 0 0 0 0 0 0 0 0 0 0 0 0 0 0 0 0 0 0 0
0 0 0 0 0 0 0 0 0 0 0 0 0 0 0 0 0 0 0 0 0 0 0 0 0 0 0 0 0 0 0 0 0 0 0 0 0 0 0 0 0 0 0 0
0 0 0 0 0 0 0 0 0 0 0 0 0 0 0 0 0 0 0 0 0 0 0 0 0 0 0 0 0 0 0 0 0 0 0 0 0 0 0 0 0 0 0 0
0 0 0 0 0 0 0 0 0 0 0 0 0 0 0 0 0 0 0 0 0 0 0 0 0 0 0 0 0 0 0 0 0 0 0 0 0 0 0 0 0 0 0 0
0 0 0 0 0 0 0 0 0 0 0 0 0 0 0 0 0 0 0 0 0 0 0 0 0 0 0 0 0 0 0 0 0 0 0 0 0 0 0 0 0 0 0 0
0 0 0 0 0 0 0 0 0 0 0 0 0 0 0 0 0 0 0 0 0 0 0 0 0 0 0 0 0 0 0 0 0 0 0 0 0 0 0 0 0 0 0 0
0 0 0 0 0 0 0 0 0 0 0 0 0 0 0 0 0 0 0 0 0 0 0 0 0 0 0 0 0 0 0 0 0 0 0 0 0 0 0 0 0 0 0 0
0 0 0 0 0 0 0 0 0 0 0 0 0 0 0 0 0 0 0 0 0 0 0 0 0 0 0 0 0 0 0 0 0 0 0 0 0 0 0 0 0 0 0 0
0 0 0 0 0 0 0 0 0 0 0 0 0 0 0 0 0 0 0 0 0 0 0 0 0 0 0 0 0 0 0 0 0 0 0 0 0 0 0 0 0 0 0 0
0 0 0 0 0 0 0 0 0 0 0 0 0 0 0 0 0 0 0 0 0 0 0 0 0 0 0 0 0 0 0 0 0 0 0 0 0 0 0 0 0 0 0 0
0 0 0 0 0 0 0 0 0 0 0 0 0 0 0 0 0 0 0 0 0 0 0 0 0 0 0 0 0 0 0 0 0 0 0 0 0 0 0 0 0 0 0 0
