800904
Zlaganje

272
52 52
4002 4002 4002 4002 4007 4007 4007 4007 4022 4022 4022 4022 4032 4032 4032 4032 4042 4042 4042 4042 4052 4052 4052 4052 4062 4062 4062 4062 4072 4072 4072 4072 4082 4082 4082 4082 4092 4092 4092 4092 4102 4102 4102 4102 4112 4112 4112 4112 0 0 0 0
4003 4003 4003 4003 4008 4008 4008 4008 4023 4023 4023 4023 4033 4033 4033 4033 4043 4043 4043 4043 4053 4053 4053 4053 4063 4063 4063 4063 4073 4073 4073 4073 4083 4083 4083 4083 4093 4093 4093 4093 4103 4103 4103 4103 4113 4113 4113 4113 0 0 0 0
4002 4002 4002 4002 4007 4007 4007 4007 4022 4022 4022 4022 4032 4032 4032 4032 4042 4042 4042 4042 4052 4052 4052 4052 4062 4062 4062 4062 4072 4072 4072 4072 4082 4082 4082 4082 4092 4092 4092 4092 4102 4102 4102 4102 4112 4112 4112 4112 0 0 0 0
4003 4003 4003 4003 4008 4008 4008 4008 4023 4023 4023 4023 4033 4033 4033 4033 4043 4043 4043 4043 4053 4053 4053 4053 4063 4063 4063 4063 4073 4073 4073 4073 4083 4083 4083 4083 4093 4093 4093 4093 4103 4103 4103 4103 4113 4113 4113 4113 0 0 0 0
4012 4012 4012 4012 4017 4017 4017 4017 4027 4027 4027 4027 4037 4037 4037 4037 4047 4047 4047 4047 4057 4057 4057 4057 4067 4067 4067 4067 4077 4077 4077 4077 4087 4087 4087 4087 4097 4097 4097 4097 4107 4107 4107 4107 4117 4117 4117 4117 0 0 0 0
4013 4013 4013 4013 4018 4018 4018 4018 4028 4028 4028 4028 4038 4038 4038 4038 4048 4048 4048 4048 4058 4058 4058 4058 4068 4068 4068 4068 4078 4078 4078 4078 4088 4088 4088 4088 4098 4098 4098 4098 4108 4108 4108 4108 4118 4118 4118 4118 0 0 0 0
4012 4012 4012 4012 4017 4017 4017 4017 4027 4027 4027 4027 4037 4037 4037 4037 4047 4047 4047 4047 4057 4057 4057 4057 4067 4067 4067 4067 4077 4077 4077 4077 4087 4087 4087 4087 4097 4097 4097 4097 4107 4107 4107 4107 4117 4117 4117 4117 0 0 0 0
4013 4013 4013 4013 4018 4018 4018 4018 4028 4028 4028 4028 4038 4038 4038 4038 4048 4048 4048 4048 4058 4058 4058 4058 4068 4068 4068 4068 4078 4078 4078 4078 4088 4088 4088 4088 4098 4098 4098 4098 4108 4108 4108 4108 4118 4118 4118 4118 0 0 0 0
4122 4122 4122 4122 4127 4127 4127 4127 4132 4132 4132 4132 4137 4137 4137 4137 4142 4142 4142 4142 4147 4147 4147 4147 4152 4152 4152 4152 4157 4157 4157 4157 4162 4162 4162 4162 4167 4167 4167 4167 4172 4172 4172 4172 4177 4177 4177 4177 0 0 0 0
4123 4123 4123 4123 4128 4128 4128 4128 4133 4133 4133 4133 4138 4138 4138 4138 4143 4143 4143 4143 4148 4148 4148 4148 4153 4153 4153 4153 4158 4158 4158 4158 4163 4163 4163 4163 4168 4168 4168 4168 4173 4173 4173 4173 4178 4178 4178 4178 0 0 0 0
4122 4122 4122 4122 4127 4127 4127 4127 4132 4132 4132 4132 4137 4137 4137 4137 4142 4142 4142 4142 4147 4147 4147 4147 4152 4152 4152 4152 4157 4157 4157 4157 4162 4162 4162 4162 4167 4167 4167 4167 4172 4172 4172 4172 4177 4177 4177 4177 0 0 0 0
4123 4123 4123 4123 4128 4128 4128 4128 4133 4133 4133 4133 4138 4138 4138 4138 4143 4143 4143 4143 4148 4148 4148 4148 4153 4153 4153 4153 4158 4158 4158 4158 4163 4163 4163 4163 4168 4168 4168 4168 4173 4173 4173 4173 4178 4178 4178 4178 0 0 0 0
4182 4182 4182 4182 4187 4187 4187 4187 4192 4192 4192 4192 4197 4197 4197 4197 4202 4202 4202 4202 4207 4207 4207 4207 4212 4212 4212 4212 4217 4217 4217 4217 4222 4222 4222 4222 4227 4227 4227 4227 4232 4232 4232 4232 4237 4237 4237 4237 0 0 0 0
4183 4183 4183 4183 4188 4188 4188 4188 4193 4193 4193 4193 4198 4198 4198 4198 4203 4203 4203 4203 4208 4208 4208 4208 4213 4213 4213 4213 4218 4218 4218 4218 4223 4223 4223 4223 4228 4228 4228 4228 4233 4233 4233 4233 4238 4238 4238 4238 0 0 0 0
4182 4182 4182 4182 4187 4187 4187 4187 4192 4192 4192 4192 4197 4197 4197 4197 4202 4202 4202 4202 4207 4207 4207 4207 4212 4212 4212 4212 4217 4217 4217 4217 4222 4222 4222 4222 4227 4227 4227 4227 4232 4232 4232 4232 4237 4237 4237 4237 0 0 0 0
4183 4183 4183 4183 4188 4188 4188 4188 4193 4193 4193 4193 4198 4198 4198 4198 4203 4203 4203 4203 4208 4208 4208 4208 4213 4213 4213 4213 4218 4218 4218 4218 4223 4223 4223 4223 4228 4228 4228 4228 4233 4233 4233 4233 4238 4238 4238 4238 0 0 0 0
4242 4242 4242 4242 4247 4247 4247 4247 4252 4252 4252 4252 4257 4257 4257 4257 4262 4262 4262 4262 4267 4267 4267 4267 4272 4272 4272 4272 4277 4277 4277 4277 4282 4282 4282 4282 4287 4287 4287 4287 4292 4292 4292 4292 301 301 301 301 0 0 0 0
4243 4243 4243 4243 4248 4248 4248 4248 4253 4253 4253 4253 4258 4258 4258 4258 4263 4263 4263 4263 4268 4268 4268 4268 4273 4273 4273 4273 4278 4278 4278 4278 4283 4283 4283 4283 4288 4288 4288 4288 4293 4293 4293 4293 306 306 306 306 0 0 0 0
4242 4242 4242 4242 4247 4247 4247 4247 4252 4252 4252 4252 4257 4257 4257 4257 4262 4262 4262 4262 4267 4267 4267 4267 4272 4272 4272 4272 4277 4277 4277 4277 4282 4282 4282 4282 4287 4287 4287 4287 4292 4292 4292 4292 311 311 311 311 0 0 0 0
4243 4243 4243 4243 4248 4248 4248 4248 4253 4253 4253 4253 4258 4258 4258 4258 4263 4263 4263 4263 4268 4268 4268 4268 4273 4273 4273 4273 4278 4278 4278 4278 4283 4283 4283 4283 4288 4288 4288 4288 4293 4293 4293 4293 316 316 316 316 0 0 0 0
321 321 321 321 331 336 336 341 341 346 346 351 351 356 356 361 361 366 366 371 371 376 376 381 381 386 386 391 391 396 396 401 401 406 406 411 411 416 416 421 421 426 426 431 431 436 436 0 0 0 0 0
0 0 456 331 331 441 336 336 341 341 346 346 351 351 356 356 361 361 366 366 371 371 376 376 381 381 386 386 391 391 396 396 401 401 406 406 411 411 416 416 421 421 426 426 431 431 436 436 0 0 0 0
0 456 456 331 441 441 446 466 466 471 471 476 476 481 481 486 486 491 491 496 496 501 501 506 506 511 511 516 516 521 521 526 526 531 531 536 536 541 541 546 546 551 551 556 556 561 561 0 0 0 0 0
0 456 451 451 441 446 446 566 466 466 471 471 476 476 481 481 486 486 491 491 496 496 501 501 506 506 511 511 516 516 521 521 526 526 531 531 536 536 541 541 546 546 551 551 556 556 561 561 0 0 0 0
0 461 461 451 451 446 566 566 576 0 621 0 656 0 676 0 696 0 746 0 771 0 796 0 821 0 896 0 926 0 1016 0 1116 0 1156 0 1271 0 0 0 0 0 0 0 0 0 0 0 0 0 0 0
586 586 461 461 571 571 566 576 576 621 621 656 656 676 676 696 696 746 746 771 771 796 796 821 821 896 896 926 926 1016 1016 1116 1116 1156 1156 1271 1271 0 0 0 0 0 0 0 0 0 0 0 0 0 0 0
0 586 586 581 581 571 571 576 606 621 626 656 661 676 681 696 701 746 751 771 776 796 801 821 826 896 901 926 931 1016 1021 1116 1121 1156 1161 1271 1276 0 0 0 0 0 0 0 0 0 0 0 0 0 0 0
596 596 591 591 581 581 601 606 606 626 626 661 661 681 681 701 701 751 751 776 776 801 801 826 826 901 901 931 931 1021 1021 1121 1121 1161 1161 1276 1276 0 0 0 0 0 0 0 0 0 0 0 0 0 0 0
0 596 596 591 591 601 601 606 631 626 636 661 666 681 686 701 706 751 756 776 781 801 806 826 831 901 906 931 936 1021 1026 1121 1126 1161 1166 1276 1281 0 0 0 0 0 0 0 0 0 0 0 0 0 0 0
0 616 616 611 611 601 0 631 631 636 636 666 666 686 686 706 706 756 756 781 781 806 806 831 831 906 906 936 936 1026 1026 1126 1126 1166 1166 1281 1281 0 0 0 0 0 0 0 0 0 0 0 0 0 0 0
0 0 616 616 611 611 646 631 641 636 651 666 671 686 691 706 711 756 761 781 786 806 811 831 836 906 911 936 941 1026 1031 1126 1131 1166 1171 1281 1286 0 0 0 0 0 0 0 0 0 0 0 0 0 0 0
0 0 0 0 0 646 646 641 641 651 651 671 671 691 691 711 711 761 761 786 786 811 811 836 836 911 911 941 941 1031 1031 1131 1131 1171 1171 1286 1286 0 0 0 0 0 0 0 0 0 0 0 0 0 0 0
0 0 0 0 0 646 716 641 721 651 726 671 731 691 736 711 741 761 766 786 791 811 816 836 841 911 916 941 946 1031 1036 1131 1136 1171 1176 1286 1291 0 0 0 0 0 0 0 0 0 0 0 0 0 0 0
0 0 0 0 0 716 716 721 721 726 726 731 731 736 736 741 741 766 766 791 791 816 816 841 841 916 916 946 946 1036 1036 1136 1136 1176 1176 1291 1291 0 0 0 0 0 0 0 0 0 0 0 0 0 0 0
0 0 0 0 0 716 846 721 851 726 856 731 861 736 866 741 871 766 876 791 881 816 886 841 891 916 921 946 951 1036 1041 1136 1141 1176 1181 1291 1296 0 0 0 0 0 0 0 0 0 0 0 0 0 0 0
0 0 0 0 0 846 846 851 851 856 856 861 861 866 866 871 871 876 876 881 881 886 886 891 891 921 921 951 951 1041 1041 1141 1141 1181 1181 1296 1296 0 0 0 0 0 0 0 0 0 0 0 0 0 0 0
0 0 0 0 0 846 956 851 961 856 966 861 971 866 976 871 981 876 986 881 991 886 996 891 1001 921 1006 951 1011 1041 1046 1141 1146 1181 1186 1296 1301 0 0 0 0 0 0 0 0 0 0 0 0 0 0 0
0 0 0 0 0 956 956 961 961 966 966 971 971 976 976 981 981 986 986 991 991 996 996 1001 1001 1006 1006 1011 1011 1046 1046 1146 1146 1186 1186 1301 1301 0 0 0 0 0 0 0 0 0 0 0 0 0 0 0
0 0 0 0 0 956 1051 961 1056 966 1061 971 1066 976 1071 981 1076 986 1081 991 1086 996 1091 1001 1096 1006 1101 1011 1106 1046 1111 1146 1151 1186 1191 1301 1306 0 0 0 0 0 0 0 0 0 0 0 0 0 0 0
0 0 0 0 0 1051 1051 1056 1056 1061 1061 1066 1066 1071 1071 1076 1076 1081 1081 1086 1086 1091 1091 1096 1096 1101 1101 1106 1106 1111 1111 1151 1151 1191 1191 1306 1306 0 0 0 0 0 0 0 0 0 0 0 0 0 0 0
0 0 0 0 0 1051 1196 1056 1201 1061 1206 1066 1211 1071 1216 1076 1221 1081 1226 1086 1231 1091 1236 1096 1241 1101 1246 1106 1251 1111 1256 1151 1261 1191 1266 1306 1311 0 0 0 0 0 0 0 0 0 0 0 0 0 0 0
0 0 0 0 0 1196 1196 1201 1201 1206 1206 1211 1211 1216 1216 1221 1221 1226 1226 1231 1231 1236 1236 1241 1241 1246 1246 1251 1251 1256 1256 1261 1261 1266 1266 1311 1311 0 0 0 0 0 0 0 0 0 0 0 0 0 0 0
0 0 0 0 0 1196 1316 1201 1321 1206 1326 1211 1331 1216 1336 1221 1341 1226 1346 1231 1351 1236 1356 1241 1361 1246 1366 1251 1371 1256 1376 1261 1381 1266 1386 1311 1391 0 0 0 0 0 0 0 0 0 0 0 0 0 0 0
0 0 0 0 0 1316 1316 1321 1321 1326 1326 1331 1331 1336 1336 1341 1341 1346 1346 1351 1351 1356 1356 1361 1361 1366 1366 1371 1371 1376 1376 1381 1381 1386 1386 1391 1391 0 0 0 0 0 0 0 0 0 0 0 0 0 0 0
0 0 0 0 0 1316 1396 1321 1401 1326 1406 1331 1411 1336 0 1341 0 1346 0 1351 0 1356 0 1361 0 1366 0 1371 0 1376 0 1381 0 1386 0 1391 0 0 0 0 0 0 0 0 0 0 0 0 0 0 0 0
0 0 0 0 0 1396 1396 1401 1401 1406 1406 1411 1411 0 0 0 0 0 0 0 0 0 0 0 0 0 0 0 0 0 0 0 0 0 0 0 0 0 0 0 0 0 0 0 0 0 0 0 0 0 0 0
0 0 0 0 0 1396 0 1401 0 1406 0 1411 0 0 0 0 0 0 0 0 0 0 0 0 0 0 0 0 0 0 0 0 0 0 0 0 0 0 0 0 0 0 0 0 0 0 0 0 0 0 0 0
0 0 0 0 0 0 0 0 0 0 0 0 0 0 0 0 0 0 0 0 0 0 0 0 0 0 0 0 0 0 0 0 0 0 0 0 0 0 0 0 0 0 0 0 0 0 0 0 0 0 0 0
0 0 0 0 0 0 0 0 0 0 0 0 0 0 0 0 0 0 0 0 0 0 0 0 0 0 0 0 0 0 0 0 0 0 0 0 0 0 0 0 0 0 0 0 0 0 0 0 0 0 0 0
0 0 0 0 0 0 0 0 0 0 0 0 0 0 0 0 0 0 0 0 0 0 0 0 0 0 0 0 0 0 0 0 0 0 0 0 0 0 0 0 0 0 0 0 0 0 0 0 0 0 0 0
0 0 0 0 0 0 0 0 0 0 0 0 0 0 0 0 0 0 0 0 0 0 0 0 0 0 0 0 0 0 0 0 0 0 0 0 0 0 0 0 0 0 0 0 0 0 0 0 0 0 0 0
0 0 0 0 0 0 0 0 0 0 0 0 0 0 0 0 0 0 0 0 0 0 0 0 0 0 0 0 0 0 0 0 0 0 0 0 0 0 0 0 0 0 0 0 0 0 0 0 0 0 0 0
