800904
Zlaganje

273
91 91
4002 4002 4002 4002 4007 4007 4007 4007 4022 4022 4022 4022 4032 4032 4032 4032 4042 4042 4042 4042 4052 4052 4052 4052 4062 4062 4062 4062 4072 4072 4072 4072 4082 4082 4082 4082 4092 4092 4092 4092 4102 4102 4102 4102 4112 4112 4112 4112 4122 4122 4122 4122 4132 4132 4132 4132 4142 4142 4142 4142 4152 4152 4152 4152 4162 4162 4162 4162 4172 4172 4172 4172 4182 4182 4182 4182 4192 4192 4192 4192 4202 4202 4202 4202 4212 4212 4212 4212 0 0 0
4003 4003 4003 4003 4008 4008 4008 4008 4023 4023 4023 4023 4033 4033 4033 4033 4043 4043 4043 4043 4053 4053 4053 4053 4063 4063 4063 4063 4073 4073 4073 4073 4083 4083 4083 4083 4093 4093 4093 4093 4103 4103 4103 4103 4113 4113 4113 4113 4123 4123 4123 4123 4133 4133 4133 4133 4143 4143 4143 4143 4153 4153 4153 4153 4163 4163 4163 4163 4173 4173 4173 4173 4183 4183 4183 4183 4193 4193 4193 4193 4203 4203 4203 4203 4213 4213 4213 4213 0 0 0
4002 4002 4002 4002 4007 4007 4007 4007 4022 4022 4022 4022 4032 4032 4032 4032 4042 4042 4042 4042 4052 4052 4052 4052 4062 4062 4062 4062 4072 4072 4072 4072 4082 4082 4082 4082 4092 4092 4092 4092 4102 4102 4102 4102 4112 4112 4112 4112 4122 4122 4122 4122 4132 4132 4132 4132 4142 4142 4142 4142 4152 4152 4152 4152 4162 4162 4162 4162 4172 4172 4172 4172 4182 4182 4182 4182 4192 4192 4192 4192 4202 4202 4202 4202 4212 4212 4212 4212 0 0 0
4003 4003 4003 4003 4008 4008 4008 4008 4023 4023 4023 4023 4033 4033 4033 4033 4043 4043 4043 4043 4053 4053 4053 4053 4063 4063 4063 4063 4073 4073 4073 4073 4083 4083 4083 4083 4093 4093 4093 4093 4103 4103 4103 4103 4113 4113 4113 4113 4123 4123 4123 4123 4133 4133 4133 4133 4143 4143 4143 4143 4153 4153 4153 4153 4163 4163 4163 4163 4173 4173 4173 4173 4183 4183 4183 4183 4193 4193 4193 4193 4203 4203 4203 4203 4213 4213 4213 4213 0 0 0
4012 4012 4012 4012 4017 4017 4017 4017 4027 4027 4027 4027 4037 4037 4037 4037 4047 4047 4047 4047 4057 4057 4057 4057 4067 4067 4067 4067 4077 4077 4077 4077 4087 4087 4087 4087 4097 4097 4097 4097 4107 4107 4107 4107 4117 4117 4117 4117 4127 4127 4127 4127 4137 4137 4137 4137 4147 4147 4147 4147 4157 4157 4157 4157 4167 4167 4167 4167 4177 4177 4177 4177 4187 4187 4187 4187 4197 4197 4197 4197 4207 4207 4207 4207 4217 4217 4217 4217 0 0 0
4013 4013 4013 4013 4018 4018 4018 4018 4028 4028 4028 4028 4038 4038 4038 4038 4048 4048 4048 4048 4058 4058 4058 4058 4068 4068 4068 4068 4078 4078 4078 4078 4088 4088 4088 4088 4098 4098 4098 4098 4108 4108 4108 4108 4118 4118 4118 4118 4128 4128 4128 4128 4138 4138 4138 4138 4148 4148 4148 4148 4158 4158 4158 4158 4168 4168 4168 4168 4178 4178 4178 4178 4188 4188 4188 4188 4198 4198 4198 4198 4208 4208 4208 4208 4218 4218 4218 4218 0 0 0
4012 4012 4012 4012 4017 4017 4017 4017 4027 4027 4027 4027 4037 4037 4037 4037 4047 4047 4047 4047 4057 4057 4057 4057 4067 4067 4067 4067 4077 4077 4077 4077 4087 4087 4087 4087 4097 4097 4097 4097 4107 4107 4107 4107 4117 4117 4117 4117 4127 4127 4127 4127 4137 4137 4137 4137 4147 4147 4147 4147 4157 4157 4157 4157 4167 4167 4167 4167 4177 4177 4177 4177 4187 4187 4187 4187 4197 4197 4197 4197 4207 4207 4207 4207 4217 4217 4217 4217 0 0 0
4013 4013 4013 4013 4018 4018 4018 4018 4028 4028 4028 4028 4038 4038 4038 4038 4048 4048 4048 4048 4058 4058 4058 4058 4068 4068 4068 4068 4078 4078 4078 4078 4088 4088 4088 4088 4098 4098 4098 4098 4108 4108 4108 4108 4118 4118 4118 4118 4128 4128 4128 4128 4138 4138 4138 4138 4148 4148 4148 4148 4158 4158 4158 4158 4168 4168 4168 4168 4178 4178 4178 4178 4188 4188 4188 4188 4198 4198 4198 4198 4208 4208 4208 4208 4218 4218 4218 4218 0 0 0
4222 4222 4222 4222 4227 4227 4227 4227 4232 4232 4232 4232 4237 4237 4237 4237 4242 4242 4242 4242 4247 4247 4247 4247 4252 4252 4252 4252 6259 6258 6258 6258 6264 6263 6263 6263 6269 6268 6268 6268 6274 6273 6273 6273 6279 6278 6278 6278 6284 6283 6283 6283 6289 6288 6288 6288 6294 6293 6293 6293 6299 6298 6298 6298 6304 6303 6303 6303 6309 6308 6308 6308 6314 6313 6313 6313 6319 6318 6318 6318 6324 6323 6323 6323 6329 6328 6328 6328 0 0 0
4223 4223 4223 4223 4228 4228 4228 4228 4233 4233 4233 4233 4238 4238 4238 4238 4243 4243 4243 4243 4248 4248 4248 4248 4253 4253 4253 4253 6259 6258 6259 6259 6264 6263 6264 6264 6269 6268 6269 6269 6274 6273 6274 6274 6279 6278 6279 6279 6284 6283 6284 6284 6289 6288 6289 6289 6294 6293 6294 6294 6299 6298 6299 6299 6304 6303 6304 6304 6309 6308 6309 6309 6314 6313 6314 6314 6319 6318 6319 6319 6324 6323 6324 6324 6329 6328 6329 6329 0 0 0
4222 4222 4222 4222 4227 4227 4227 4227 4232 4232 4232 4232 4237 4237 4237 4237 4242 4242 4242 4242 4247 4247 4247 4247 4252 4252 4252 4252 6259 6259 6258 6259 6264 6264 6263 6264 6269 6269 6268 6269 6274 6274 6273 6274 6279 6279 6278 6279 6284 6284 6283 6284 6289 6289 6288 6289 6294 6294 6293 6294 6299 6299 6298 6299 6304 6304 6303 6304 6309 6309 6308 6309 6314 6314 6313 6314 6319 6319 6318 6319 6324 6324 6323 6324 6329 6329 6328 6329 0 0 0
4223 4223 4223 4223 4228 4228 4228 4228 4233 4233 4233 4233 4238 4238 4238 4238 4243 4243 4243 4243 4248 4248 4248 4248 4253 4253 4253 4253 6258 6258 6258 6259 6263 6263 6263 6264 6268 6268 6268 6269 6273 6273 6273 6274 6278 6278 6278 6279 6283 6283 6283 6284 6288 6288 6288 6289 6293 6293 6293 6294 6298 6298 6298 6299 6303 6303 6303 6304 6308 6308 6308 6309 6313 6313 6313 6314 6318 6318 6318 6319 6323 6323 6323 6324 6328 6328 6328 6329 0 0 0
6334 6333 6333 6333 6339 6338 6338 6338 6344 6343 6343 6343 6349 6348 6348 6348 6354 6353 6353 6353 6359 6358 6358 6358 6364 6363 6363 6363 6369 6368 6368 6368 6374 6373 6373 6373 6379 6378 6378 6378 6384 6383 6383 6383 6389 6388 6388 6388 6394 6393 6393 6393 6399 6398 6398 6398 6404 6403 6403 6403 6409 6408 6408 6408 6414 6413 6413 6413 6419 6418 6418 6418 6424 6423 6423 6423 6429 6428 6428 6428 6434 6433 6433 6433 6439 6438 6438 6438 0 0 0
6334 6333 6334 6334 6339 6338 6339 6339 6344 6343 6344 6344 6349 6348 6349 6349 6354 6353 6354 6354 6359 6358 6359 6359 6364 6363 6364 6364 6369 6368 6369 6369 6374 6373 6374 6374 6379 6378 6379 6379 6384 6383 6384 6384 6389 6388 6389 6389 6394 6393 6394 6394 6399 6398 6399 6399 6404 6403 6404 6404 6409 6408 6409 6409 6414 6413 6414 6414 6419 6418 6419 6419 6424 6423 6424 6424 6429 6428 6429 6429 6434 6433 6434 6434 6439 6438 6439 6439 0 0 0
6334 6334 6333 6334 6339 6339 6338 6339 6344 6344 6343 6344 6349 6349 6348 6349 6354 6354 6353 6354 6359 6359 6358 6359 6364 6364 6363 6364 6369 6369 6368 6369 6374 6374 6373 6374 6379 6379 6378 6379 6384 6384 6383 6384 6389 6389 6388 6389 6394 6394 6393 6394 6399 6399 6398 6399 6404 6404 6403 6404 6409 6409 6408 6409 6414 6414 6413 6414 6419 6419 6418 6419 6424 6424 6423 6424 6429 6429 6428 6429 6434 6434 6433 6434 6439 6439 6438 6439 0 0 0
6333 6333 6333 6334 6338 6338 6338 6339 6343 6343 6343 6344 6348 6348 6348 6349 6353 6353 6353 6354 6358 6358 6358 6359 6363 6363 6363 6364 6368 6368 6368 6369 6373 6373 6373 6374 6378 6378 6378 6379 6383 6383 6383 6384 6388 6388 6388 6389 6393 6393 6393 6394 6398 6398 6398 6399 6403 6403 6403 6404 6408 6408 6408 6409 6413 6413 6413 6414 6418 6418 6418 6419 6423 6423 6423 6424 6428 6428 6428 6429 6433 6433 6433 6434 6438 6438 6438 6439 0 0 0
6444 6443 6443 6443 6449 6448 6448 6448 6454 6453 6453 6453 6459 6458 6458 6458 6464 6463 6463 6463 6469 6468 6468 6468 6474 6473 6473 6473 6479 6478 6478 6478 6484 6483 6483 6483 6489 6488 6488 6488 6494 6493 6493 6493 6499 6498 6498 6498 6504 6503 6503 6503 6509 6508 6508 6508 6514 6513 6513 6513 6519 6518 6518 6518 6524 6523 6523 6523 6529 6528 6528 6528 6534 6533 6533 6533 5539 5539 5539 5540 5544 5544 5544 5545 5549 5549 5549 5550 0 0 0
6444 6443 6444 6444 6449 6448 6449 6449 6454 6453 6454 6454 6459 6458 6459 6459 6464 6463 6464 6464 6469 6468 6469 6469 6474 6473 6474 6474 6479 6478 6479 6479 6484 6483 6484 6484 6489 6488 6489 6489 6494 6493 6494 6494 6499 6498 6499 6499 6504 6503 6504 6504 6509 6508 6509 6509 6514 6513 6514 6514 6519 6518 6519 6519 6524 6523 6524 6524 6529 6528 6529 6529 6534 6533 6534 6534 5540 5540 5539 5540 5545 5545 5544 5545 5550 5550 5549 5550 0 0 0
6444 6444 6443 6444 6449 6449 6448 6449 6454 6454 6453 6454 6459 6459 6458 6459 6464 6464 6463 6464 6469 6469 6468 6469 6474 6474 6473 6474 6479 6479 6478 6479 6484 6484 6483 6484 6489 6489 6488 6489 6494 6494 6493 6494 6499 6499 6498 6499 6504 6504 6503 6504 6509 6509 6508 6509 6514 6514 6513 6514 6519 6519 6518 6519 6524 6524 6523 6524 6529 6529 6528 6529 6534 6534 6533 6534 5540 5539 5540 5540 5545 5544 5545 5545 5550 5549 5550 5550 0 0 0
6443 6443 6443 6444 6448 6448 6448 6449 6453 6453 6453 6454 6458 6458 6458 6459 6463 6463 6463 6464 6468 6468 6468 6469 6473 6473 6473 6474 6478 6478 6478 6479 6483 6483 6483 6484 6488 6488 6488 6489 6493 6493 6493 6494 6498 6498 6498 6499 6503 6503 6503 6504 6508 6508 6508 6509 6513 6513 6513 6514 6518 6518 6518 6519 6523 6523 6523 6524 6528 6528 6528 6529 6533 6533 6533 6534 5540 5539 5539 5539 5545 5544 5544 5544 5550 5549 5549 5549 0 0 0
5554 5554 5554 5555 5559 5559 5559 5560 5564 5564 5564 5565 5569 5569 5569 5570 5574 5574 5574 5575 5579 5579 5579 5580 5584 5584 5584 5585 5589 5589 5589 5590 5594 5594 5594 5595 5599 5599 5599 5600 5604 5604 5604 5605 5609 5609 5609 5610 5614 5614 5614 5615 5619 5619 5619 5620 5624 5624 5624 5625 5629 5629 5629 5630 5634 5634 5634 5635 5639 5639 5639 5640 5644 5644 5644 5645 5649 5649 5649 5650 5654 5654 5654 5655 5659 5659 5659 5660 0 0 0
5555 5555 5554 5555 5560 5560 5559 5560 5565 5565 5564 5565 5570 5570 5569 5570 5575 5575 5574 5575 5580 5580 5579 5580 5585 5585 5584 5585 5590 5590 5589 5590 5595 5595 5594 5595 5600 5600 5599 5600 5605 5605 5604 5605 5610 5610 5609 5610 5615 5615 5614 5615 5620 5620 5619 5620 5625 5625 5624 5625 5630 5630 5629 5630 5635 5635 5634 5635 5640 5640 5639 5640 5645 5645 5644 5645 5650 5650 5649 5650 5655 5655 5654 5655 5660 5660 5659 5660 0 0 0
5555 5554 5555 5555 5560 5559 5560 5560 5565 5564 5565 5565 5570 5569 5570 5570 5575 5574 5575 5575 5580 5579 5580 5580 5585 5584 5585 5585 5590 5589 5590 5590 5595 5594 5595 5595 5600 5599 5600 5600 5605 5604 5605 5605 5610 5609 5610 5610 5615 5614 5615 5615 5620 5619 5620 5620 5625 5624 5625 5625 5630 5629 5630 5630 5635 5634 5635 5635 5640 5639 5640 5640 5645 5644 5645 5645 5650 5649 5650 5650 5655 5654 5655 5655 5660 5659 5660 5660 0 0 0
5555 5554 5554 5554 5560 5559 5559 5559 5565 5564 5564 5564 5570 5569 5569 5569 5575 5574 5574 5574 5580 5579 5579 5579 5585 5584 5584 5584 5590 5589 5589 5589 5595 5594 5594 5594 5600 5599 5599 5599 5605 5604 5604 5604 5610 5609 5609 5609 5615 5614 5614 5614 5620 5619 5619 5619 5625 5624 5624 5624 5630 5629 5629 5629 5635 5634 5634 5634 5640 5639 5639 5639 5645 5644 5644 5644 5650 5649 5649 5649 5655 5654 5654 5654 5660 5659 5659 5659 0 0 0
5664 5664 5664 5665 5669 5669 5669 5670 5674 5674 5674 5675 5679 5679 5679 5680 5684 5684 5684 5685 5689 5689 5689 5690 5694 5694 5694 5695 5699 5699 5699 5700 5704 5704 5704 5705 5709 5709 5709 5710 5714 5714 5714 5715 5719 5719 5719 5720 5724 5724 5724 5725 5729 5729 5729 5730 5734 5734 5734 5735 5739 5739 5739 5740 5744 5744 5744 5745 5749 5749 5749 5750 5754 5754 5754 5755 5759 5759 5759 5760 5764 5764 5764 5765 5769 5769 5769 5770 0 0 0
5665 5665 5664 5665 5670 5670 5669 5670 5675 5675 5674 5675 5680 5680 5679 5680 5685 5685 5684 5685 5690 5690 5689 5690 5695 5695 5694 5695 5700 5700 5699 5700 5705 5705 5704 5705 5710 5710 5709 5710 5715 5715 5714 5715 5720 5720 5719 5720 5725 5725 5724 5725 5730 5730 5729 5730 5735 5735 5734 5735 5740 5740 5739 5740 5745 5745 5744 5745 5750 5750 5749 5750 5755 5755 5754 5755 5760 5760 5759 5760 5765 5765 5764 5765 5770 5770 5769 5770 0 0 0
5665 5664 5665 5665 5670 5669 5670 5670 5675 5674 5675 5675 5680 5679 5680 5680 5685 5684 5685 5685 5690 5689 5690 5690 5695 5694 5695 5695 5700 5699 5700 5700 5705 5704 5705 5705 5710 5709 5710 5710 5715 5714 5715 5715 5720 5719 5720 5720 5725 5724 5725 5725 5730 5729 5730 5730 5735 5734 5735 5735 5740 5739 5740 5740 5745 5744 5745 5745 5750 5749 5750 5750 5755 5754 5755 5755 5760 5759 5760 5760 5765 5764 5765 5765 5770 5769 5770 5770 0 0 0
5665 5664 5664 5664 5670 5669 5669 5669 5675 5674 5674 5674 5680 5679 5679 5679 5685 5684 5684 5684 5690 5689 5689 5689 5695 5694 5694 5694 5700 5699 5699 5699 5705 5704 5704 5704 5710 5709 5709 5709 5715 5714 5714 5714 5720 5719 5719 5719 5725 5724 5724 5724 5730 5729 5729 5729 5735 5734 5734 5734 5740 5739 5739 5739 5745 5744 5744 5744 5750 5749 5749 5749 5755 5754 5754 5754 5760 5759 5759 5759 5765 5764 5764 5764 5770 5769 5769 5769 0 0 0
5774 5774 5774 5775 5779 5779 5779 5780 5784 5784 5784 5785 5789 5789 5789 5790 5794 5794 5794 5795 5799 5799 5799 5800 5804 5804 5804 5805 5809 5809 5809 5810 5814 5814 5814 5815 5819 5819 5819 5820 5824 5824 5824 5825 5829 5829 5829 5830 5834 5834 5834 5835 5839 5839 5839 5840 5844 5844 5844 5845 5849 5849 5849 5850 5854 5854 5854 5855 5859 5859 5859 5860 5864 5864 5864 5865 7870 7870 7870 7871 7875 7875 7875 7876 7880 7880 7880 7881 0 0 0
5775 5775 5774 5775 5780 5780 5779 5780 5785 5785 5784 5785 5790 5790 5789 5790 5795 5795 5794 5795 5800 5800 5799 5800 5805 5805 5804 5805 5810 5810 5809 5810 5815 5815 5814 5815 5820 5820 5819 5820 5825 5825 5824 5825 5830 5830 5829 5830 5835 5835 5834 5835 5840 5840 5839 5840 5845 5845 5844 5845 5850 5850 5849 5850 5855 5855 5854 5855 5860 5860 5859 5860 5865 5865 5864 5865 7871 7870 7871 7871 7876 7875 7876 7876 7881 7880 7881 7881 0 0 0
5775 5774 5775 5775 5780 5779 5780 5780 5785 5784 5785 5785 5790 5789 5790 5790 5795 5794 5795 5795 5800 5799 5800 5800 5805 5804 5805 5805 5810 5809 5810 5810 5815 5814 5815 5815 5820 5819 5820 5820 5825 5824 5825 5825 5830 5829 5830 5830 5835 5834 5835 5835 5840 5839 5840 5840 5845 5844 5845 5845 5850 5849 5850 5850 5855 5854 5855 5855 5860 5859 5860 5860 5865 5864 5865 5865 7871 7871 7870 7871 7876 7876 7875 7876 7881 7881 7880 7881 0 0 0
5775 5774 5774 5774 5780 5779 5779 5779 5785 5784 5784 5784 5790 5789 5789 5789 5795 5794 5794 5794 5800 5799 5799 5799 5805 5804 5804 5804 5810 5809 5809 5809 5815 5814 5814 5814 5820 5819 5819 5819 5825 5824 5824 5824 5830 5829 5829 5829 5835 5834 5834 5834 5840 5839 5839 5839 5845 5844 5844 5844 5850 5849 5849 5849 5855 5854 5854 5854 5860 5859 5859 5859 5865 5864 5864 5864 7871 7870 7870 7870 7876 7875 7875 7875 7881 7880 7880 7880 0 0 0
7885 7885 7885 7886 7890 7890 7890 7891 7895 7895 7895 7896 7900 7900 7900 7901 7905 7905 7905 7906 7910 7910 7910 7911 7915 7915 7915 7916 7920 7920 7920 7921 7925 7925 7925 7926 7930 7930 7930 7931 7935 7935 7935 7936 7940 7940 7940 7941 7945 7945 7945 7946 7950 7950 7950 7951 7955 7955 7955 7956 7960 7960 7960 7961 7965 7965 7965 7966 7970 7970 7970 7971 7975 7975 7975 7976 7980 7980 7980 7981 7985 7985 7985 7986 7990 7990 7990 7991 0 0 0
7886 7885 7886 7886 7891 7890 7891 7891 7896 7895 7896 7896 7901 7900 7901 7901 7906 7905 7906 7906 7911 7910 7911 7911 7916 7915 7916 7916 7921 7920 7921 7921 7926 7925 7926 7926 7931 7930 7931 7931 7936 7935 7936 7936 7941 7940 7941 7941 7946 7945 7946 7946 7951 7950 7951 7951 7956 7955 7956 7956 7961 7960 7961 7961 7966 7965 7966 7966 7971 7970 7971 7971 7976 7975 7976 7976 7981 7980 7981 7981 7986 7985 7986 7986 7991 7990 7991 7991 0 0 0
7886 7886 7885 7886 7891 7891 7890 7891 7896 7896 7895 7896 7901 7901 7900 7901 7906 7906 7905 7906 7911 7911 7910 7911 7916 7916 7915 7916 7921 7921 7920 7921 7926 7926 7925 7926 7931 7931 7930 7931 7936 7936 7935 7936 7941 7941 7940 7941 7946 7946 7945 7946 7951 7951 7950 7951 7956 7956 7955 7956 7961 7961 7960 7961 7966 7966 7965 7966 7971 7971 7970 7971 7976 7976 7975 7976 7981 7981 7980 7981 7986 7986 7985 7986 7991 7991 7990 7991 0 0 0
7886 7885 7885 7885 7891 7890 7890 7890 7896 7895 7895 7895 7901 7900 7900 7900 7906 7905 7905 7905 7911 7910 7910 7910 7916 7915 7915 7915 7921 7920 7920 7920 7926 7925 7925 7925 7931 7930 7930 7930 7936 7935 7935 7935 7941 7940 7940 7940 7946 7945 7945 7945 7951 7950 7950 7950 7956 7955 7955 7955 7961 7960 7960 7960 7966 7965 7965 7965 7971 7970 7970 7970 7976 7975 7975 7975 7981 7980 7980 7980 7986 7985 7985 7985 7991 7990 7990 7990 0 0 0
7995 7995 7995 7996 8000 8000 8000 8001 8005 8005 8005 8006 8010 8010 8010 8011 8015 8015 8015 8016 8020 8020 8020 8021 8025 8025 8025 8026 8030 8030 8030 8031 8035 8035 8035 8036 8040 8040 8040 8041 8045 8045 8045 8046 8050 8050 8050 8051 8055 8055 8055 8056 8060 8060 8060 8061 8065 8065 8065 8066 8070 8070 8070 8071 8075 8075 8075 8076 8080 8080 8080 8081 8085 8085 8085 8086 8090 8090 8090 8091 8095 8095 8095 8096 8100 8100 8100 8101 0 0 0
7996 7995 7996 7996 8001 8000 8001 8001 8006 8005 8006 8006 8011 8010 8011 8011 8016 8015 8016 8016 8021 8020 8021 8021 8026 8025 8026 8026 8031 8030 8031 8031 8036 8035 8036 8036 8041 8040 8041 8041 8046 8045 8046 8046 8051 8050 8051 8051 8056 8055 8056 8056 8061 8060 8061 8061 8066 8065 8066 8066 8071 8070 8071 8071 8076 8075 8076 8076 8081 8080 8081 8081 8086 8085 8086 8086 8091 8090 8091 8091 8096 8095 8096 8096 8101 8100 8101 8101 0 0 0
7996 7996 7995 7996 8001 8001 8000 8001 8006 8006 8005 8006 8011 8011 8010 8011 8016 8016 8015 8016 8021 8021 8020 8021 8026 8026 8025 8026 8031 8031 8030 8031 8036 8036 8035 8036 8041 8041 8040 8041 8046 8046 8045 8046 8051 8051 8050 8051 8056 8056 8055 8056 8061 8061 8060 8061 8066 8066 8065 8066 8071 8071 8070 8071 8076 8076 8075 8076 8081 8081 8080 8081 8086 8086 8085 8086 8091 8091 8090 8091 8096 8096 8095 8096 8101 8101 8100 8101 0 0 0
7996 7995 7995 7995 8001 8000 8000 8000 8006 8005 8005 8005 8011 8010 8010 8010 8016 8015 8015 8015 8021 8020 8020 8020 8026 8025 8025 8025 8031 8030 8030 8030 8036 8035 8035 8035 8041 8040 8040 8040 8046 8045 8045 8045 8051 8050 8050 8050 8056 8055 8055 8055 8061 8060 8060 8060 8066 8065 8065 8065 8071 8070 8070 8070 8076 8075 8075 8075 8081 8080 8080 8080 8086 8085 8085 8085 8091 8090 8090 8090 8096 8095 8095 8095 8101 8100 8100 8100 0 0 0
8105 8105 8105 8106 8110 8110 8110 8111 9116 9116 9117 9117 9121 9121 9122 9122 9126 9126 9127 9127 9131 9131 9132 9132 9136 9136 9137 9137 9141 9141 9142 9142 9146 9146 9147 9147 9151 9151 9152 9152 9156 9156 9157 9157 9161 9161 9162 9162 9166 9166 9167 9167 9171 9171 9172 9172 9176 9176 9177 9177 9181 9181 9182 9182 9186 9186 9187 9187 9191 9191 9192 9192 9196 9196 9197 9197 9201 9201 9202 9202 9206 9206 9207 9207 9211 9211 9212 9212 0 0 0
8106 8105 8106 8106 8111 8110 8111 8111 9116 9116 9117 9117 9121 9121 9122 9122 9126 9126 9127 9127 9131 9131 9132 9132 9136 9136 9137 9137 9141 9141 9142 9142 9146 9146 9147 9147 9151 9151 9152 9152 9156 9156 9157 9157 9161 9161 9162 9162 9166 9166 9167 9167 9171 9171 9172 9172 9176 9176 9177 9177 9181 9181 9182 9182 9186 9186 9187 9187 9191 9191 9192 9192 9196 9196 9197 9197 9201 9201 9202 9202 9206 9206 9207 9207 9211 9211 9212 9212 0 0 0
8106 8106 8105 8106 8111 8111 8110 8111 9117 9117 9116 9116 9122 9122 9121 9121 9127 9127 9126 9126 9132 9132 9131 9131 9137 9137 9136 9136 9142 9142 9141 9141 9147 9147 9146 9146 9152 9152 9151 9151 9157 9157 9156 9156 9162 9162 9161 9161 9167 9167 9166 9166 9172 9172 9171 9171 9177 9177 9176 9176 9182 9182 9181 9181 9187 9187 9186 9186 9192 9192 9191 9191 9197 9197 9196 9196 9202 9202 9201 9201 9207 9207 9206 9206 9212 9212 9211 9211 0 0 0
8106 8105 8105 8105 8111 8110 8110 8110 9117 9117 9116 9116 9122 9122 9121 9121 9127 9127 9126 9126 9132 9132 9131 9131 9137 9137 9136 9136 9142 9142 9141 9141 9147 9147 9146 9146 9152 9152 9151 9151 9157 9157 9156 9156 9162 9162 9161 9161 9167 9167 9166 9166 9172 9172 9171 9171 9177 9177 9176 9176 9182 9182 9181 9181 9187 9187 9186 9186 9192 9192 9191 9191 9197 9197 9196 9196 9202 9202 9201 9201 9207 9207 9206 9206 9212 9212 9211 9211 0 0 0
9216 9216 9217 9217 9221 9221 9222 9222 9226 9226 9227 9227 9231 9231 9232 9232 9236 9236 9237 9237 9241 9241 9242 9242 9246 9246 9247 9247 9251 9251 9252 9252 9256 9256 9257 9257 9261 9261 9262 9262 9266 9266 9267 9267 9271 9271 9272 9272 9276 9276 9277 9277 9281 9281 9282 9282 9286 9286 9287 9287 9291 9291 9292 9292 9296 9296 9297 9297 9301 9301 9302 9302 9306 9306 9307 9307 9311 9311 9312 9312 9316 9316 9317 9317 9321 9321 9322 9322 0 0 0
9216 9216 9217 9217 9221 9221 9222 9222 9226 9226 9227 9227 9231 9231 9232 9232 9236 9236 9237 9237 9241 9241 9242 9242 9246 9246 9247 9247 9251 9251 9252 9252 9256 9256 9257 9257 9261 9261 9262 9262 9266 9266 9267 9267 9271 9271 9272 9272 9276 9276 9277 9277 9281 9281 9282 9282 9286 9286 9287 9287 9291 9291 9292 9292 9296 9296 9297 9297 9301 9301 9302 9302 9306 9306 9307 9307 9311 9311 9312 9312 9316 9316 9317 9317 9321 9321 9322 9322 0 0 0
9217 9217 9216 9216 9222 9222 9221 9221 9227 9227 9226 9226 9232 9232 9231 9231 9237 9237 9236 9236 9242 9242 9241 9241 9247 9247 9246 9246 9252 9252 9251 9251 9257 9257 9256 9256 9262 9262 9261 9261 9267 9267 9266 9266 9272 9272 9271 9271 9277 9277 9276 9276 9282 9282 9281 9281 9287 9287 9286 9286 9292 9292 9291 9291 9297 9297 9296 9296 9302 9302 9301 9301 9307 9307 9306 9306 9312 9312 9311 9311 9317 9317 9316 9316 9322 9322 9321 9321 0 0 0
9217 9217 9216 9216 9222 9222 9221 9221 9227 9227 9226 9226 9232 9232 9231 9231 9237 9237 9236 9236 9242 9242 9241 9241 9247 9247 9246 9246 9252 9252 9251 9251 9257 9257 9256 9256 9262 9262 9261 9261 9267 9267 9266 9266 9272 9272 9271 9271 9277 9277 9276 9276 9282 9282 9281 9281 9287 9287 9286 9286 9292 9292 9291 9291 9297 9297 9296 9296 9302 9302 9301 9301 9307 9307 9306 9306 9312 9312 9311 9311 9317 9317 9316 9316 9322 9322 9321 9321 0 0 0
9326 9326 9327 9327 9331 9331 9332 9332 9336 9336 9337 9337 9341 9341 9342 9342 9346 9346 9347 9347 9351 9351 9352 9352 9356 9356 9357 9357 9361 9361 9362 9362 9366 9366 9367 9367 9371 9371 9372 9372 9376 9376 9377 9377 9381 9381 9382 9382 9386 9386 9387 9387 9391 9391 9392 9392 9396 9396 9397 9397 9401 9401 9402 9402 9406 9406 9407 9407 1411 1411 1411 1411 1416 1416 1416 1416 1421 1421 1421 1421 1426 1426 1426 1426 1431 1431 1431 1431 0 0 0
9326 9326 9327 9327 9331 9331 9332 9332 9336 9336 9337 9337 9341 9341 9342 9342 9346 9346 9347 9347 9351 9351 9352 9352 9356 9356 9357 9357 9361 9361 9362 9362 9366 9366 9367 9367 9371 9371 9372 9372 9376 9376 9377 9377 9381 9381 9382 9382 9386 9386 9387 9387 9391 9391 9392 9392 9396 9396 9397 9397 9401 9401 9402 9402 9406 9406 9407 9407 1437 1437 1442 1442 1447 1447 1452 1452 1457 1457 1462 1462 1467 1467 1473 1473 1473 1478 1499 0 0 0 0
9327 9327 9326 9326 9332 9332 9331 9331 9337 9337 9336 9336 9342 9342 9341 9341 9347 9347 9346 9346 9352 9352 9351 9351 9357 9357 9356 9356 9362 9362 9361 9361 9367 9367 9366 9366 9372 9372 9371 9371 9377 9377 9376 9376 9382 9382 9381 9381 9387 9387 9386 9386 9392 9392 9391 9391 9397 9397 9396 9396 9402 9402 9401 9401 9407 9407 9406 9406 1437 1437 1442 1442 1447 1447 1452 1452 1457 1457 1462 1462 1467 1467 1473 1478 1478 1478 1499 0 0 0 0
9327 9327 9326 9326 9332 9332 9331 9331 9337 9337 9336 9336 9342 9342 9341 9341 9347 9347 9346 9346 9352 9352 9351 9351 9357 9357 9356 9356 9362 9362 9361 9361 9367 9367 9366 9366 9372 9372 9371 9371 9377 9377 9376 9376 9382 9382 9381 9381 9387 9387 9386 9386 9392 9392 9391 9391 9397 9397 9396 9396 9402 9402 9401 9401 9407 9407 9406 9406 1483 1488 1488 1488 1493 1504 1509 1509 1514 1514 1514 1524 1530 1535 1535 1535 1540 1499 1499 0 0 0 0
0 1696 1696 1691 1691 1686 1686 1681 1681 1676 1676 1671 1671 1666 1666 1661 1661 1656 1656 1651 1651 1646 1646 1641 1641 1636 1636 1631 1631 1626 1626 1621 1621 1616 1616 1611 1611 1606 1606 1601 1601 1596 1596 1591 1591 1586 1586 1581 1581 1576 1576 1571 1571 1566 1566 1561 1561 1555 1555 1555 1550 1550 1550 1545 1545 1545 1483 1483 1483 1488 1493 1493 1493 1504 1509 1519 1519 1519 1514 1524 1530 1530 1535 1540 1540 1540 0 0 0 0 0
0 0 1696 1696 1691 1691 1686 1686 1681 1681 1676 1676 1671 1671 1666 1666 1661 1661 1656 1656 1651 1651 1646 1646 1641 1641 1636 1636 1631 1631 1626 1626 1621 1621 1616 1616 1611 1611 1606 1606 1601 1601 1596 1596 1591 1591 1586 1586 1581 1581 1576 1576 1571 1571 1566 1566 1561 1561 1555 1701 1701 1550 1706 1706 1545 0 1726 1726 1721 1721 1716 1716 1504 1504 1509 1711 1711 1519 1524 1524 1530 2126 2126 2131 2131 2136 2136 0 0 0 0
0 2316 1871 1871 1866 1866 1861 1861 1856 1856 1851 1851 1846 1846 1841 1841 1836 1836 1831 1831 1826 1826 1821 1821 1816 1816 1811 1811 1806 1806 1801 1801 1796 1796 1791 1791 1786 1786 1781 1781 1776 1776 1771 1771 1766 1766 1761 1761 1756 1756 1751 1751 1746 1746 1741 1741 1736 1736 1731 1731 1701 1701 1876 1706 1706 1881 1881 1726 1726 1721 1721 1716 1716 1891 1886 1886 1711 1711 1901 2106 2106 0 2126 2126 2131 2131 2136 2136 0 0 0
2316 2316 2311 1871 1871 1866 1866 1861 1861 1856 1856 1851 1851 1846 1846 1841 1841 1836 1836 1831 1831 1826 1826 1821 1821 1816 1816 1811 1811 1806 1806 1801 1801 1796 1796 1791 1791 1786 1786 1781 1781 1776 1776 1771 1771 1766 1766 1761 1761 1756 1756 1751 1751 1746 1746 1741 1741 1736 1736 1731 1731 1876 1876 1916 1921 1921 1881 1881 2076 2091 2091 0 1891 1891 1896 1886 1886 1901 1901 2101 2106 2106 2121 2476 2476 2481 2481 0 0 0 0
2316 2311 2311 2066 2066 2061 2061 2056 2056 2051 2051 2046 2046 2041 2041 2036 2036 2031 2031 2026 2026 2021 2021 2016 2016 2011 2011 2006 2006 2001 2001 1996 1996 1991 1991 1986 1986 1981 1981 1976 1976 1971 1971 1966 1966 1961 1961 1956 1956 1951 1951 1946 1946 1941 1941 1936 1936 1931 1931 1926 1926 1876 1916 1916 2071 1921 1921 2076 2076 2096 2091 2091 1891 1896 1896 1906 1906 1901 2101 2101 2111 2121 2121 2486 2476 2476 2481 2481 0 0 0
0 2311 2306 2306 2066 2066 2061 2061 2056 2056 2051 2051 2046 2046 2041 2041 2036 2036 2031 2031 2026 2026 2021 2021 2016 2016 2011 2011 2006 2006 2001 2001 1996 1996 1991 1991 1986 1986 1981 1981 1976 1976 1971 1971 1966 1966 1961 1961 1956 1956 1951 1951 1946 1946 1941 1941 1936 1936 1931 1931 1926 1926 1916 2071 2071 2081 2081 2076 2096 2096 2141 2146 2146 1896 1911 1911 1906 1906 2101 2111 2111 2121 2486 2486 2506 2526 2526 0 0 0 0
0 2321 2321 2306 2306 2301 2301 2296 2296 2291 2291 2286 2286 2281 2281 2276 2276 2271 2271 2266 2266 2261 2261 2256 2256 2251 2251 2246 2246 2241 2241 2236 2236 2231 2231 2226 2226 2221 2221 2216 2216 2211 2211 2206 2206 2201 2201 2196 2196 2191 2191 2186 2186 2181 2181 2176 2176 2171 2171 2166 2166 2161 2161 2071 2086 2086 2081 2081 2096 2141 2141 2151 2146 2146 2331 1911 1911 2116 2116 2111 2491 2491 2486 2506 2506 2531 2526 2526 0 0 0
2371 2371 2321 2321 2326 2326 2301 2301 2296 2296 2291 2291 2286 2286 2281 2281 2276 2276 2271 2271 2266 2266 2261 2261 2256 2256 2251 2251 2246 2246 2241 2241 2236 2236 2231 2231 2226 2226 2221 2221 2216 2216 2211 2211 2206 2206 2201 2201 2196 2196 2191 2191 2186 2186 2181 2181 2176 2176 2171 2171 2166 2166 2161 2161 2341 2086 2086 2156 2156 2141 2151 2151 2336 2331 2331 2346 2351 2351 2116 2116 0 2491 2491 2506 2531 2531 2536 0 0 0 0
0 2371 2371 2366 2366 2326 2326 2376 0 2571 0 2586 0 2601 0 2656 0 2671 0 2686 0 2701 0 2781 0 2801 0 2821 0 0 3052 3052 3047 3047 3042 3042 3037 3037 3032 3032 3027 3027 3022 3022 3017 3017 3012 3012 3007 3007 3002 3002 2997 2997 2992 2992 2987 2987 2906 0 2641 0 2436 2341 2341 2381 2386 2386 2156 2156 2151 2336 2336 2331 2346 2346 2356 2351 2351 2416 2546 2546 2541 2541 2531 2536 2536 0 0 0 0
2406 2406 2401 2401 2366 2366 2376 2376 2571 2571 2586 2586 2601 2601 2656 2656 2671 2671 2686 2686 2701 2701 2781 2781 2801 2801 2821 2821 3062 3052 3052 3047 3047 3042 3042 3037 3037 3032 3032 3027 3027 3022 3022 3017 3017 3012 3012 3007 3007 3002 3002 2997 2997 2992 2992 2987 2987 2906 2906 2641 2641 2436 2436 2341 2381 2381 2391 2386 2386 2396 2396 2336 2361 2361 2346 2356 2356 2411 2416 2416 2551 2546 2546 2541 2541 2536 0 0 0 0 0
3122 2406 2406 2401 2401 2421 2376 2426 2571 2576 2586 2591 2601 2606 2656 2661 2671 2676 2686 2691 2701 2706 2781 2786 2801 2806 2821 2826 3062 3062 3247 0 0 3267 3267 3272 3272 3277 3277 3282 3282 3287 3287 3292 3292 3297 3297 3302 3302 3307 3307 3312 3312 3317 3317 3322 3322 2906 2901 2641 2636 2436 2431 2431 2381 2391 2391 2441 2446 2446 2396 2396 2451 2361 2361 2356 2411 2411 2416 2551 2551 2561 2871 2871 2876 2876 0 0 0 0 0
3122 3122 3127 0 2421 2421 2426 2426 2576 2576 2591 2591 2606 2606 2661 2661 2676 2676 2691 2691 2706 2706 2786 2786 2806 2806 2826 2826 3067 3062 3247 3247 3267 3267 3272 3272 3277 3277 3282 3282 3287 3287 3292 3292 3297 3297 3302 3302 3307 3307 3312 3312 3317 3317 3322 3322 0 2901 2901 2636 2636 2461 2461 2431 2431 2391 2441 2441 2456 2446 2446 2451 2451 2466 2471 2471 2411 2556 2556 2551 2561 2561 2866 2871 2871 2876 2876 0 0 0 0
3142 3122 3127 3127 2421 2516 2426 2521 2576 2581 2591 2596 2606 2611 2661 2666 2676 2681 2691 2696 2706 2721 2786 2791 2806 2811 2826 2831 3067 3067 3242 3247 3437 0 0 3462 3462 3467 3467 3472 3472 3477 3477 3482 3482 3487 3487 3492 3492 3497 3497 3502 3502 3507 3507 3512 3512 2901 2896 2636 2631 2631 2461 2461 2496 2496 2441 2456 2456 2501 2501 2451 2466 2466 2511 2471 2471 2566 2556 2556 2561 2866 2866 2881 3557 0 0 0 0 0 0
3142 3142 3137 3127 2516 2516 2521 2521 2581 2581 2596 2596 2611 2611 2666 2666 2681 2681 2696 2696 2721 2721 2791 2791 2811 2811 2831 2831 3072 3067 3242 3242 3437 3437 3462 3462 3467 3467 3472 3472 3477 3477 3482 3482 3487 3487 3492 3492 3497 3497 3502 3502 3507 3507 3512 3512 0 2896 2896 2646 2646 2631 2631 2626 2626 2496 2496 2456 2621 2621 2501 2501 2466 2511 2511 2616 2566 2566 2651 2861 2861 2866 2881 2881 3557 3557 0 0 0 0 0
3152 3142 3137 3137 2516 2726 2521 2731 2581 2736 2596 2741 2611 2746 2666 2751 2681 2756 2696 2761 2721 2766 2791 2796 2811 2816 2831 2851 3072 3072 3237 3242 3442 3437 3782 0 3992 0 0 4102 4102 4107 4107 4112 4112 0 0 0 0 0 0 0 0 0 0 0 0 2896 2891 2891 2646 2646 2716 2716 2626 2626 2771 2776 2776 2621 2621 2711 2711 2511 2616 2616 2566 2651 2651 2856 2861 2861 2881 3562 3562 3557 0 0 0 0 0
3152 3152 3147 3137 2726 2726 2731 2731 2736 2736 2741 2741 2746 2746 2751 2751 2756 2756 2761 2761 2766 2766 2796 2796 2816 2816 2851 2851 3077 3072 3237 3237 3442 3442 3782 3782 3992 3992 4102 4102 4107 4107 4112 4112 0 0 0 0 0 0 0 0 0 0 0 0 0 2911 2911 2891 2891 2886 2886 2716 2716 2771 2771 2836 2776 2776 2841 2841 2711 2711 2616 2846 2846 2651 2856 2856 2926 3567 3562 3562 3572 3572 0 0 0 0 0
3222 3152 3147 3147 2726 2931 2731 2936 2736 2941 2741 2946 2746 2951 2751 2956 2756 2961 2761 2966 2766 2971 2796 2976 2816 2981 2851 3082 3077 3077 3232 3237 3447 3442 3777 3782 3987 3992 0 0 0 0 0 0 0 0 0 0 0 0 0 0 0 0 0 0 0 0 2911 2911 2916 2916 2886 2886 2921 2771 2836 2836 3057 3057 3092 2841 2841 3097 3097 3107 2846 2846 2856 2926 2926 3567 3567 3572 3572 3622 0 0 0 0 0
3222 3222 3217 3147 2931 2931 2936 2936 2941 2941 2946 2946 2951 2951 2956 2956 2961 2961 2966 2966 2971 2971 2976 2976 2981 2981 3087 3082 3082 3077 3232 3232 3447 3447 3777 3777 3987 3987 0 0 0 0 0 0 0 0 0 0 0 0 0 0 0 0 0 0 0 0 0 0 3257 2916 2916 2921 2921 3117 2836 3057 3057 3102 3092 3092 3097 3097 3112 3107 3107 3592 0 2926 3577 3577 3567 3597 3597 3622 3622 0 0 0 0
3342 3222 3217 3217 2931 3207 2936 3202 2941 3197 2946 3192 2951 3187 2956 3182 2961 3177 2966 3172 2971 3167 2976 3162 2981 3157 3087 3087 3082 3227 3227 3232 3452 3447 3772 3777 3982 3987 0 0 0 0 0 0 0 0 0 0 0 0 0 0 0 0 0 0 0 0 0 0 3257 3257 3252 2921 3212 3117 3117 0 3262 3102 3102 3092 3132 3132 3112 3112 3107 3592 3592 3577 3577 3602 3597 3597 3617 3617 3622 0 0 0 0
3342 3342 3337 3217 3327 3207 3207 3202 3202 3197 3197 3192 3192 3187 3187 3182 3182 3177 3177 3172 3172 3167 3167 3162 3162 3157 3157 3087 3227 3227 3347 3347 3452 3452 3772 3772 3982 3982 0 0 0 0 0 0 0 0 0 0 0 0 0 0 0 0 0 0 0 0 0 0 3427 3257 3252 3252 3212 3212 3117 3362 3262 3262 3102 3132 3132 3332 3332 3112 3627 0 3592 3607 3607 3602 3602 3617 3617 3647 3647 0 0 0 0
3547 3342 3337 3337 3327 3327 3207 3377 3202 3382 3197 3387 3192 3392 3187 3397 3182 3402 3177 3407 3172 3412 3167 3417 3162 0 3157 3352 3352 3347 3347 3457 3457 3452 3767 3772 3977 3982 0 0 0 0 0 0 0 0 0 0 0 0 0 0 0 0 0 0 0 0 0 0 3427 3427 3422 3252 3372 3212 3367 3362 3362 3262 3357 3357 3332 3332 3432 3432 3627 3627 3607 3607 3612 3612 3602 3652 3647 3647 3687 3687 0 0 0
3547 3547 3542 3337 3522 3327 3517 3377 3377 3382 3382 3387 3387 3392 3392 3397 3397 3402 3402 3407 3407 3412 3412 3417 3417 3532 3352 3352 3527 3527 3457 3457 3552 3552 3767 3767 3977 3977 0 0 0 0 0 0 0 0 0 0 0 0 0 0 0 0 0 0 0 0 0 0 3812 3427 3422 3422 3372 3372 3367 3367 3362 3357 3357 3537 3537 3432 3432 3632 3632 3627 3662 3612 3612 3657 3657 3652 3652 3687 3687 0 0 0 0
3827 3547 3542 3542 3522 3522 3517 3517 3377 3692 3382 3697 3387 3702 3392 3707 3397 3712 3402 3717 3407 3722 3412 3727 3417 3532 3532 3527 3527 3582 3582 3552 3552 3762 3762 3767 3972 3977 0 0 0 0 0 0 0 0 0 0 0 0 0 0 0 0 0 0 0 0 0 0 3812 3812 3807 3422 3797 3372 0 3367 3587 3587 3537 3537 3637 3637 3632 3632 3667 3667 3662 3662 3657 3657 3672 3672 3652 3817 3817 0 0 0 0
3827 3827 3822 3542 3742 3522 3737 3517 3732 3692 3692 3697 3697 3702 3702 3707 3707 3712 3712 3717 3717 3722 3722 3727 3727 3747 3532 3752 3582 3582 3757 3757 3762 3762 3832 3832 3972 3972 0 0 0 0 0 0 0 0 0 0 0 0 0 0 0 0 0 0 0 0 0 0 4012 3812 3807 3807 3797 3797 3802 3587 3587 3642 3642 3637 3637 3677 3677 3667 3667 3682 3682 3662 3842 3672 3672 3852 3817 3817 3862 3862 0 0 0
4032 3827 3822 3822 3742 3742 3737 3737 3732 3732 3692 3867 3697 3872 3702 3877 3707 3882 3712 3887 3717 3892 3722 3897 3727 3747 3747 3752 3752 3757 3757 3837 3837 3832 3832 3967 3967 3972 0 0 0 0 0 0 0 0 0 0 0 0 0 0 0 0 0 0 0 0 0 0 4012 4012 4007 3807 3997 3797 3802 3802 3642 3642 3787 3787 3677 3677 3792 3792 3682 3682 3847 3847 3842 3842 3857 3852 3852 3862 3862 0 0 0 0
4032 4032 4027 3822 3917 3742 3912 3737 3907 3732 3902 3867 3867 3872 3872 3877 3877 3882 3882 3887 3887 3892 3892 3897 3897 3922 3747 3927 3752 3932 3837 3837 3937 3937 3967 3967 4037 4037 0 0 0 0 0 0 0 0 0 0 0 0 0 0 0 0 0 0 0 0 0 0 4087 4012 4007 4007 3997 3997 4002 3802 3947 3787 3787 3942 3942 3792 3792 3952 3952 3847 3847 3957 3957 3842 3857 3857 3852 3962 3962 0 0 0 0
0 4032 4027 4027 3917 3917 3912 3912 3907 3907 3902 3902 3867 4047 3872 4052 3877 4057 3882 4062 3887 4067 3892 4072 3897 3922 3922 3927 3927 3932 3932 3937 3937 4042 4042 4037 4037 0 0 0 0 0 0 0 0 0 0 0 0 0 0 0 0 0 0 0 0 0 0 0 4087 4087 4082 4007 4077 3997 4002 4002 3947 3947 3942 3942 4017 4017 3952 3952 4022 4022 3957 3957 4092 4092 4097 3857 3962 3962 0 0 0 0 0
0 0 0 4027 0 3917 0 3912 0 3907 0 3902 0 4047 4047 4052 4052 4057 4057 4062 4062 4067 4067 4072 4072 0 3922 0 3927 0 3932 0 4042 4042 0 0 0 0 0 0 0 0 0 0 0 0 0 0 0 0 0 0 0 0 0 0 0 0 0 0 0 4087 4082 4082 4077 4077 0 4002 0 3947 0 4017 4017 0 0 4022 4022 0 0 4092 4092 0 4097 4097 0 0 0 0 0 0 0
0 0 0 0 0 0 0 0 0 0 0 0 0 0 4047 0 4052 0 4057 0 4062 0 4067 0 4072 0 0 0 0 0 0 0 0 0 0 0 0 0 0 0 0 0 0 0 0 0 0 0 0 0 0 0 0 0 0 0 0 0 0 0 0 0 0 4082 0 4077 0 0 0 0 0 0 0 0 0 0 0 0 0 0 0 0 0 4097 0 0 0 0 0 0 0
0 0 0 0 0 0 0 0 0 0 0 0 0 0 0 0 0 0 0 0 0 0 0 0 0 0 0 0 0 0 0 0 0 0 0 0 0 0 0 0 0 0 0 0 0 0 0 0 0 0 0 0 0 0 0 0 0 0 0 0 0 0 0 0 0 0 0 0 0 0 0 0 0 0 0 0 0 0 0 0 0 0 0 0 0 0 0 0 0 0 0
0 0 0 0 0 0 0 0 0 0 0 0 0 0 0 0 0 0 0 0 0 0 0 0 0 0 0 0 0 0 0 0 0 0 0 0 0 0 0 0 0 0 0 0 0 0 0 0 0 0 0 0 0 0 0 0 0 0 0 0 0 0 0 0 0 0 0 0 0 0 0 0 0 0 0 0 0 0 0 0 0 0 0 0 0 0 0 0 0 0 0
0 0 0 0 0 0 0 0 0 0 0 0 0 0 0 0 0 0 0 0 0 0 0 0 0 0 0 0 0 0 0 0 0 0 0 0 0 0 0 0 0 0 0 0 0 0 0 0 0 0 0 0 0 0 0 0 0 0 0 0 0 0 0 0 0 0 0 0 0 0 0 0 0 0 0 0 0 0 0 0 0 0 0 0 0 0 0 0 0 0 0
0 0 0 0 0 0 0 0 0 0 0 0 0 0 0 0 0 0 0 0 0 0 0 0 0 0 0 0 0 0 0 0 0 0 0 0 0 0 0 0 0 0 0 0 0 0 0 0 0 0 0 0 0 0 0 0 0 0 0 0 0 0 0 0 0 0 0 0 0 0 0 0 0 0 0 0 0 0 0 0 0 0 0 0 0 0 0 0 0 0 0
0 0 0 0 0 0 0 0 0 0 0 0 0 0 0 0 0 0 0 0 0 0 0 0 0 0 0 0 0 0 0 0 0 0 0 0 0 0 0 0 0 0 0 0 0 0 0 0 0 0 0 0 0 0 0 0 0 0 0 0 0 0 0 0 0 0 0 0 0 0 0 0 0 0 0 0 0 0 0 0 0 0 0 0 0 0 0 0 0 0 0
0 0 0 0 0 0 0 0 0 0 0 0 0 0 0 0 0 0 0 0 0 0 0 0 0 0 0 0 0 0 0 0 0 0 0 0 0 0 0 0 0 0 0 0 0 0 0 0 0 0 0 0 0 0 0 0 0 0 0 0 0 0 0 0 0 0 0 0 0 0 0 0 0 0 0 0 0 0 0 0 0 0 0 0 0 0 0 0 0 0 0
0 0 0 0 0 0 0 0 0 0 0 0 0 0 0 0 0 0 0 0 0 0 0 0 0 0 0 0 0 0 0 0 0 0 0 0 0 0 0 0 0 0 0 0 0 0 0 0 0 0 0 0 0 0 0 0 0 0 0 0 0 0 0 0 0 0 0 0 0 0 0 0 0 0 0 0 0 0 0 0 0 0 0 0 0 0 0 0 0 0 0
0 0 0 0 0 0 0 0 0 0 0 0 0 0 0 0 0 0 0 0 0 0 0 0 0 0 0 0 0 0 0 0 0 0 0 0 0 0 0 0 0 0 0 0 0 0 0 0 0 0 0 0 0 0 0 0 0 0 0 0 0 0 0 0 0 0 0 0 0 0 0 0 0 0 0 0 0 0 0 0 0 0 0 0 0 0 0 0 0 0 0
0 0 0 0 0 0 0 0 0 0 0 0 0 0 0 0 0 0 0 0 0 0 0 0 0 0 0 0 0 0 0 0 0 0 0 0 0 0 0 0 0 0 0 0 0 0 0 0 0 0 0 0 0 0 0 0 0 0 0 0 0 0 0 0 0 0 0 0 0 0 0 0 0 0 0 0 0 0 0 0 0 0 0 0 0 0 0 0 0 0 0
0 0 0 0 0 0 0 0 0 0 0 0 0 0 0 0 0 0 0 0 0 0 0 0 0 0 0 0 0 0 0 0 0 0 0 0 0 0 0 0 0 0 0 0 0 0 0 0 0 0 0 0 0 0 0 0 0 0 0 0 0 0 0 0 0 0 0 0 0 0 0 0 0 0 0 0 0 0 0 0 0 0 0 0 0 0 0 0 0 0 0
