800904
Zlaganje

3
94 94
4002 4002 4002 4002 4007 4007 4007 4007 4022 4022 4022 4022 4032 4032 4032 4032 4042 4042 4042 4042 4052 4052 4052 4052 4062 4062 4062 4062 4072 4072 4072 4072 4082 4082 4082 4082 4092 4092 4092 4092 4102 4102 4102 4102 4112 4112 4112 4112 4122 4122 4122 4122 4132 4132 4132 4132 4142 4142 4142 4142 4152 4152 4152 4152 4162 4162 4162 4162 4172 4172 4172 4172 4182 4182 4182 4182 4192 4192 4192 4192 4202 4202 4202 4202 4212 4212 4212 4212 4222 4222 4222 4222 0 0
4003 4003 4003 4003 4008 4008 4008 4008 4023 4023 4023 4023 4033 4033 4033 4033 4043 4043 4043 4043 4053 4053 4053 4053 4063 4063 4063 4063 4073 4073 4073 4073 4083 4083 4083 4083 4093 4093 4093 4093 4103 4103 4103 4103 4113 4113 4113 4113 4123 4123 4123 4123 4133 4133 4133 4133 4143 4143 4143 4143 4153 4153 4153 4153 4163 4163 4163 4163 4173 4173 4173 4173 4183 4183 4183 4183 4193 4193 4193 4193 4203 4203 4203 4203 4213 4213 4213 4213 4223 4223 4223 4223 0 0
4002 4002 4002 4002 4007 4007 4007 4007 4022 4022 4022 4022 4032 4032 4032 4032 4042 4042 4042 4042 4052 4052 4052 4052 4062 4062 4062 4062 4072 4072 4072 4072 4082 4082 4082 4082 4092 4092 4092 4092 4102 4102 4102 4102 4112 4112 4112 4112 4122 4122 4122 4122 4132 4132 4132 4132 4142 4142 4142 4142 4152 4152 4152 4152 4162 4162 4162 4162 4172 4172 4172 4172 4182 4182 4182 4182 4192 4192 4192 4192 4202 4202 4202 4202 4212 4212 4212 4212 4222 4222 4222 4222 0 0
4003 4003 4003 4003 4008 4008 4008 4008 4023 4023 4023 4023 4033 4033 4033 4033 4043 4043 4043 4043 4053 4053 4053 4053 4063 4063 4063 4063 4073 4073 4073 4073 4083 4083 4083 4083 4093 4093 4093 4093 4103 4103 4103 4103 4113 4113 4113 4113 4123 4123 4123 4123 4133 4133 4133 4133 4143 4143 4143 4143 4153 4153 4153 4153 4163 4163 4163 4163 4173 4173 4173 4173 4183 4183 4183 4183 4193 4193 4193 4193 4203 4203 4203 4203 4213 4213 4213 4213 4223 4223 4223 4223 0 0
4012 4012 4012 4012 4017 4017 4017 4017 4027 4027 4027 4027 4037 4037 4037 4037 4047 4047 4047 4047 4057 4057 4057 4057 4067 4067 4067 4067 4077 4077 4077 4077 4087 4087 4087 4087 4097 4097 4097 4097 4107 4107 4107 4107 4117 4117 4117 4117 4127 4127 4127 4127 4137 4137 4137 4137 4147 4147 4147 4147 4157 4157 4157 4157 4167 4167 4167 4167 4177 4177 4177 4177 4187 4187 4187 4187 4197 4197 4197 4197 4207 4207 4207 4207 4217 4217 4217 4217 4227 4227 4227 4227 0 0
4013 4013 4013 4013 4018 4018 4018 4018 4028 4028 4028 4028 4038 4038 4038 4038 4048 4048 4048 4048 4058 4058 4058 4058 4068 4068 4068 4068 4078 4078 4078 4078 4088 4088 4088 4088 4098 4098 4098 4098 4108 4108 4108 4108 4118 4118 4118 4118 4128 4128 4128 4128 4138 4138 4138 4138 4148 4148 4148 4148 4158 4158 4158 4158 4168 4168 4168 4168 4178 4178 4178 4178 4188 4188 4188 4188 4198 4198 4198 4198 4208 4208 4208 4208 4218 4218 4218 4218 4228 4228 4228 4228 0 0
4012 4012 4012 4012 4017 4017 4017 4017 4027 4027 4027 4027 4037 4037 4037 4037 4047 4047 4047 4047 4057 4057 4057 4057 4067 4067 4067 4067 4077 4077 4077 4077 4087 4087 4087 4087 4097 4097 4097 4097 4107 4107 4107 4107 4117 4117 4117 4117 4127 4127 4127 4127 4137 4137 4137 4137 4147 4147 4147 4147 4157 4157 4157 4157 4167 4167 4167 4167 4177 4177 4177 4177 4187 4187 4187 4187 4197 4197 4197 4197 4207 4207 4207 4207 4217 4217 4217 4217 4227 4227 4227 4227 0 0
4013 4013 4013 4013 4018 4018 4018 4018 4028 4028 4028 4028 4038 4038 4038 4038 4048 4048 4048 4048 4058 4058 4058 4058 4068 4068 4068 4068 4078 4078 4078 4078 4088 4088 4088 4088 4098 4098 4098 4098 4108 4108 4108 4108 4118 4118 4118 4118 4128 4128 4128 4128 4138 4138 4138 4138 4148 4148 4148 4148 4158 4158 4158 4158 4168 4168 4168 4168 4178 4178 4178 4178 4188 4188 4188 4188 4198 4198 4198 4198 4208 4208 4208 4208 4218 4218 4218 4218 4228 4228 4228 4228 0 0
4232 4232 4232 4232 4237 4237 4237 4237 4242 4242 4242 4242 4247 4247 4247 4247 4252 4252 4252 4252 4257 4257 4257 4257 4262 4262 4262 4262 4267 4267 4267 4267 4272 4272 4272 4272 4277 4277 4277 4277 4282 4282 4282 4282 4287 4287 4287 4287 6294 6293 6293 6293 6299 6298 6298 6298 6304 6303 6303 6303 6309 6308 6308 6308 6314 6313 6313 6313 6319 6318 6318 6318 6324 6323 6323 6323 6329 6328 6328 6328 6334 6333 6333 6333 6339 6338 6338 6338 6344 6343 6343 6343 0 0
4233 4233 4233 4233 4238 4238 4238 4238 4243 4243 4243 4243 4248 4248 4248 4248 4253 4253 4253 4253 4258 4258 4258 4258 4263 4263 4263 4263 4268 4268 4268 4268 4273 4273 4273 4273 4278 4278 4278 4278 4283 4283 4283 4283 4288 4288 4288 4288 6294 6293 6294 6294 6299 6298 6299 6299 6304 6303 6304 6304 6309 6308 6309 6309 6314 6313 6314 6314 6319 6318 6319 6319 6324 6323 6324 6324 6329 6328 6329 6329 6334 6333 6334 6334 6339 6338 6339 6339 6344 6343 6344 6344 0 0
4232 4232 4232 4232 4237 4237 4237 4237 4242 4242 4242 4242 4247 4247 4247 4247 4252 4252 4252 4252 4257 4257 4257 4257 4262 4262 4262 4262 4267 4267 4267 4267 4272 4272 4272 4272 4277 4277 4277 4277 4282 4282 4282 4282 4287 4287 4287 4287 6294 6294 6293 6294 6299 6299 6298 6299 6304 6304 6303 6304 6309 6309 6308 6309 6314 6314 6313 6314 6319 6319 6318 6319 6324 6324 6323 6324 6329 6329 6328 6329 6334 6334 6333 6334 6339 6339 6338 6339 6344 6344 6343 6344 0 0
4233 4233 4233 4233 4238 4238 4238 4238 4243 4243 4243 4243 4248 4248 4248 4248 4253 4253 4253 4253 4258 4258 4258 4258 4263 4263 4263 4263 4268 4268 4268 4268 4273 4273 4273 4273 4278 4278 4278 4278 4283 4283 4283 4283 4288 4288 4288 4288 6293 6293 6293 6294 6298 6298 6298 6299 6303 6303 6303 6304 6308 6308 6308 6309 6313 6313 6313 6314 6318 6318 6318 6319 6323 6323 6323 6324 6328 6328 6328 6329 6333 6333 6333 6334 6338 6338 6338 6339 6343 6343 6343 6344 0 0
6349 6348 6348 6348 6354 6353 6353 6353 6359 6358 6358 6358 6364 6363 6363 6363 6369 6368 6368 6368 6374 6373 6373 6373 6379 6378 6378 6378 6384 6383 6383 6383 6389 6388 6388 6388 6394 6393 6393 6393 6399 6398 6398 6398 6404 6403 6403 6403 6409 6408 6408 6408 6414 6413 6413 6413 6419 6418 6418 6418 6424 6423 6423 6423 6429 6428 6428 6428 6434 6433 6433 6433 6439 6438 6438 6438 6444 6443 6443 6443 6449 6448 6448 6448 6454 6453 6453 6453 6459 6458 6458 6458 0 0
6349 6348 6349 6349 6354 6353 6354 6354 6359 6358 6359 6359 6364 6363 6364 6364 6369 6368 6369 6369 6374 6373 6374 6374 6379 6378 6379 6379 6384 6383 6384 6384 6389 6388 6389 6389 6394 6393 6394 6394 6399 6398 6399 6399 6404 6403 6404 6404 6409 6408 6409 6409 6414 6413 6414 6414 6419 6418 6419 6419 6424 6423 6424 6424 6429 6428 6429 6429 6434 6433 6434 6434 6439 6438 6439 6439 6444 6443 6444 6444 6449 6448 6449 6449 6454 6453 6454 6454 6459 6458 6459 6459 0 0
6349 6349 6348 6349 6354 6354 6353 6354 6359 6359 6358 6359 6364 6364 6363 6364 6369 6369 6368 6369 6374 6374 6373 6374 6379 6379 6378 6379 6384 6384 6383 6384 6389 6389 6388 6389 6394 6394 6393 6394 6399 6399 6398 6399 6404 6404 6403 6404 6409 6409 6408 6409 6414 6414 6413 6414 6419 6419 6418 6419 6424 6424 6423 6424 6429 6429 6428 6429 6434 6434 6433 6434 6439 6439 6438 6439 6444 6444 6443 6444 6449 6449 6448 6449 6454 6454 6453 6454 6459 6459 6458 6459 0 0
6348 6348 6348 6349 6353 6353 6353 6354 6358 6358 6358 6359 6363 6363 6363 6364 6368 6368 6368 6369 6373 6373 6373 6374 6378 6378 6378 6379 6383 6383 6383 6384 6388 6388 6388 6389 6393 6393 6393 6394 6398 6398 6398 6399 6403 6403 6403 6404 6408 6408 6408 6409 6413 6413 6413 6414 6418 6418 6418 6419 6423 6423 6423 6424 6428 6428 6428 6429 6433 6433 6433 6434 6438 6438 6438 6439 6443 6443 6443 6444 6448 6448 6448 6449 6453 6453 6453 6454 6458 6458 6458 6459 0 0
6464 6463 6463 6463 6469 6468 6468 6468 6474 6473 6473 6473 6479 6478 6478 6478 6484 6483 6483 6483 6489 6488 6488 6488 6494 6493 6493 6493 6499 6498 6498 6498 6504 6503 6503 6503 6509 6508 6508 6508 6514 6513 6513 6513 6519 6518 6518 6518 6524 6523 6523 6523 6529 6528 6528 6528 6534 6533 6533 6533 6539 6538 6538 6538 6544 6543 6543 6543 6549 6548 6548 6548 6554 6553 6553 6553 6559 6558 6558 6558 6564 6563 6563 6563 6569 6568 6568 6568 6574 6573 6573 6573 0 0
6464 6463 6464 6464 6469 6468 6469 6469 6474 6473 6474 6474 6479 6478 6479 6479 6484 6483 6484 6484 6489 6488 6489 6489 6494 6493 6494 6494 6499 6498 6499 6499 6504 6503 6504 6504 6509 6508 6509 6509 6514 6513 6514 6514 6519 6518 6519 6519 6524 6523 6524 6524 6529 6528 6529 6529 6534 6533 6534 6534 6539 6538 6539 6539 6544 6543 6544 6544 6549 6548 6549 6549 6554 6553 6554 6554 6559 6558 6559 6559 6564 6563 6564 6564 6569 6568 6569 6569 6574 6573 6574 6574 0 0
6464 6464 6463 6464 6469 6469 6468 6469 6474 6474 6473 6474 6479 6479 6478 6479 6484 6484 6483 6484 6489 6489 6488 6489 6494 6494 6493 6494 6499 6499 6498 6499 6504 6504 6503 6504 6509 6509 6508 6509 6514 6514 6513 6514 6519 6519 6518 6519 6524 6524 6523 6524 6529 6529 6528 6529 6534 6534 6533 6534 6539 6539 6538 6539 6544 6544 6543 6544 6549 6549 6548 6549 6554 6554 6553 6554 6559 6559 6558 6559 6564 6564 6563 6564 6569 6569 6568 6569 6574 6574 6573 6574 0 0
6463 6463 6463 6464 6468 6468 6468 6469 6473 6473 6473 6474 6478 6478 6478 6479 6483 6483 6483 6484 6488 6488 6488 6489 6493 6493 6493 6494 6498 6498 6498 6499 6503 6503 6503 6504 6508 6508 6508 6509 6513 6513 6513 6514 6518 6518 6518 6519 6523 6523 6523 6524 6528 6528 6528 6529 6533 6533 6533 6534 6538 6538 6538 6539 6543 6543 6543 6544 6548 6548 6548 6549 6553 6553 6553 6554 6558 6558 6558 6559 6563 6563 6563 6564 6568 6568 6568 6569 6573 6573 6573 6574 0 0
6579 6578 6578 6578 6584 6583 6583 6583 6589 6588 6588 6588 6594 6593 6593 6593 6599 6598 6598 6598 6604 6603 6603 6603 6609 6608 6608 6608 5614 5614 5614 5615 5619 5619 5619 5620 5624 5624 5624 5625 5629 5629 5629 5630 5634 5634 5634 5635 5639 5639 5639 5640 5644 5644 5644 5645 5649 5649 5649 5650 5654 5654 5654 5655 5659 5659 5659 5660 5664 5664 5664 5665 5669 5669 5669 5670 5674 5674 5674 5675 5679 5679 5679 5680 5684 5684 5684 5685 5689 5689 5689 5690 0 0
6579 6578 6579 6579 6584 6583 6584 6584 6589 6588 6589 6589 6594 6593 6594 6594 6599 6598 6599 6599 6604 6603 6604 6604 6609 6608 6609 6609 5615 5615 5614 5615 5620 5620 5619 5620 5625 5625 5624 5625 5630 5630 5629 5630 5635 5635 5634 5635 5640 5640 5639 5640 5645 5645 5644 5645 5650 5650 5649 5650 5655 5655 5654 5655 5660 5660 5659 5660 5665 5665 5664 5665 5670 5670 5669 5670 5675 5675 5674 5675 5680 5680 5679 5680 5685 5685 5684 5685 5690 5690 5689 5690 0 0
6579 6579 6578 6579 6584 6584 6583 6584 6589 6589 6588 6589 6594 6594 6593 6594 6599 6599 6598 6599 6604 6604 6603 6604 6609 6609 6608 6609 5615 5614 5615 5615 5620 5619 5620 5620 5625 5624 5625 5625 5630 5629 5630 5630 5635 5634 5635 5635 5640 5639 5640 5640 5645 5644 5645 5645 5650 5649 5650 5650 5655 5654 5655 5655 5660 5659 5660 5660 5665 5664 5665 5665 5670 5669 5670 5670 5675 5674 5675 5675 5680 5679 5680 5680 5685 5684 5685 5685 5690 5689 5690 5690 0 0
6578 6578 6578 6579 6583 6583 6583 6584 6588 6588 6588 6589 6593 6593 6593 6594 6598 6598 6598 6599 6603 6603 6603 6604 6608 6608 6608 6609 5615 5614 5614 5614 5620 5619 5619 5619 5625 5624 5624 5624 5630 5629 5629 5629 5635 5634 5634 5634 5640 5639 5639 5639 5645 5644 5644 5644 5650 5649 5649 5649 5655 5654 5654 5654 5660 5659 5659 5659 5665 5664 5664 5664 5670 5669 5669 5669 5675 5674 5674 5674 5680 5679 5679 5679 5685 5684 5684 5684 5690 5689 5689 5689 0 0
5694 5694 5694 5695 5699 5699 5699 5700 5704 5704 5704 5705 5709 5709 5709 5710 5714 5714 5714 5715 5719 5719 5719 5720 5724 5724 5724 5725 5729 5729 5729 5730 5734 5734 5734 5735 5739 5739 5739 5740 5744 5744 5744 5745 5749 5749 5749 5750 5754 5754 5754 5755 5759 5759 5759 5760 5764 5764 5764 5765 5769 5769 5769 5770 5774 5774 5774 5775 5779 5779 5779 5780 5784 5784 5784 5785 5789 5789 5789 5790 5794 5794 5794 5795 5799 5799 5799 5800 5804 5804 5804 5805 0 0
5695 5695 5694 5695 5700 5700 5699 5700 5705 5705 5704 5705 5710 5710 5709 5710 5715 5715 5714 5715 5720 5720 5719 5720 5725 5725 5724 5725 5730 5730 5729 5730 5735 5735 5734 5735 5740 5740 5739 5740 5745 5745 5744 5745 5750 5750 5749 5750 5755 5755 5754 5755 5760 5760 5759 5760 5765 5765 5764 5765 5770 5770 5769 5770 5775 5775 5774 5775 5780 5780 5779 5780 5785 5785 5784 5785 5790 5790 5789 5790 5795 5795 5794 5795 5800 5800 5799 5800 5805 5805 5804 5805 0 0
5695 5694 5695 5695 5700 5699 5700 5700 5705 5704 5705 5705 5710 5709 5710 5710 5715 5714 5715 5715 5720 5719 5720 5720 5725 5724 5725 5725 5730 5729 5730 5730 5735 5734 5735 5735 5740 5739 5740 5740 5745 5744 5745 5745 5750 5749 5750 5750 5755 5754 5755 5755 5760 5759 5760 5760 5765 5764 5765 5765 5770 5769 5770 5770 5775 5774 5775 5775 5780 5779 5780 5780 5785 5784 5785 5785 5790 5789 5790 5790 5795 5794 5795 5795 5800 5799 5800 5800 5805 5804 5805 5805 0 0
5695 5694 5694 5694 5700 5699 5699 5699 5705 5704 5704 5704 5710 5709 5709 5709 5715 5714 5714 5714 5720 5719 5719 5719 5725 5724 5724 5724 5730 5729 5729 5729 5735 5734 5734 5734 5740 5739 5739 5739 5745 5744 5744 5744 5750 5749 5749 5749 5755 5754 5754 5754 5760 5759 5759 5759 5765 5764 5764 5764 5770 5769 5769 5769 5775 5774 5774 5774 5780 5779 5779 5779 5785 5784 5784 5784 5790 5789 5789 5789 5795 5794 5794 5794 5800 5799 5799 5799 5805 5804 5804 5804 0 0
5809 5809 5809 5810 5814 5814 5814 5815 5819 5819 5819 5820 5824 5824 5824 5825 5829 5829 5829 5830 5834 5834 5834 5835 5839 5839 5839 5840 5844 5844 5844 5845 5849 5849 5849 5850 5854 5854 5854 5855 5859 5859 5859 5860 5864 5864 5864 5865 5869 5869 5869 5870 5874 5874 5874 5875 5879 5879 5879 5880 5884 5884 5884 5885 5889 5889 5889 5890 5894 5894 5894 5895 5899 5899 5899 5900 5904 5904 5904 5905 5909 5909 5909 5910 5914 5914 5914 5915 5919 5919 5919 5920 0 0
5810 5810 5809 5810 5815 5815 5814 5815 5820 5820 5819 5820 5825 5825 5824 5825 5830 5830 5829 5830 5835 5835 5834 5835 5840 5840 5839 5840 5845 5845 5844 5845 5850 5850 5849 5850 5855 5855 5854 5855 5860 5860 5859 5860 5865 5865 5864 5865 5870 5870 5869 5870 5875 5875 5874 5875 5880 5880 5879 5880 5885 5885 5884 5885 5890 5890 5889 5890 5895 5895 5894 5895 5900 5900 5899 5900 5905 5905 5904 5905 5910 5910 5909 5910 5915 5915 5914 5915 5920 5920 5919 5920 0 0
5810 5809 5810 5810 5815 5814 5815 5815 5820 5819 5820 5820 5825 5824 5825 5825 5830 5829 5830 5830 5835 5834 5835 5835 5840 5839 5840 5840 5845 5844 5845 5845 5850 5849 5850 5850 5855 5854 5855 5855 5860 5859 5860 5860 5865 5864 5865 5865 5870 5869 5870 5870 5875 5874 5875 5875 5880 5879 5880 5880 5885 5884 5885 5885 5890 5889 5890 5890 5895 5894 5895 5895 5900 5899 5900 5900 5905 5904 5905 5905 5910 5909 5910 5910 5915 5914 5915 5915 5920 5919 5920 5920 0 0
5810 5809 5809 5809 5815 5814 5814 5814 5820 5819 5819 5819 5825 5824 5824 5824 5830 5829 5829 5829 5835 5834 5834 5834 5840 5839 5839 5839 5845 5844 5844 5844 5850 5849 5849 5849 5855 5854 5854 5854 5860 5859 5859 5859 5865 5864 5864 5864 5870 5869 5869 5869 5875 5874 5874 5874 5880 5879 5879 5879 5885 5884 5884 5884 5890 5889 5889 5889 5895 5894 5894 5894 5900 5899 5899 5899 5905 5904 5904 5904 5910 5909 5909 5909 5915 5914 5914 5914 5920 5919 5919 5919 0 0
5924 5924 5924 5925 7930 7930 7930 7931 7935 7935 7935 7936 7940 7940 7940 7941 7945 7945 7945 7946 7950 7950 7950 7951 7955 7955 7955 7956 7960 7960 7960 7961 7965 7965 7965 7966 7970 7970 7970 7971 7975 7975 7975 7976 7980 7980 7980 7981 7985 7985 7985 7986 7990 7990 7990 7991 7995 7995 7995 7996 8000 8000 8000 8001 8005 8005 8005 8006 8010 8010 8010 8011 8015 8015 8015 8016 8020 8020 8020 8021 8025 8025 8025 8026 8030 8030 8030 8031 8035 8035 8035 8036 0 0
5925 5925 5924 5925 7931 7930 7931 7931 7936 7935 7936 7936 7941 7940 7941 7941 7946 7945 7946 7946 7951 7950 7951 7951 7956 7955 7956 7956 7961 7960 7961 7961 7966 7965 7966 7966 7971 7970 7971 7971 7976 7975 7976 7976 7981 7980 7981 7981 7986 7985 7986 7986 7991 7990 7991 7991 7996 7995 7996 7996 8001 8000 8001 8001 8006 8005 8006 8006 8011 8010 8011 8011 8016 8015 8016 8016 8021 8020 8021 8021 8026 8025 8026 8026 8031 8030 8031 8031 8036 8035 8036 8036 0 0
5925 5924 5925 5925 7931 7931 7930 7931 7936 7936 7935 7936 7941 7941 7940 7941 7946 7946 7945 7946 7951 7951 7950 7951 7956 7956 7955 7956 7961 7961 7960 7961 7966 7966 7965 7966 7971 7971 7970 7971 7976 7976 7975 7976 7981 7981 7980 7981 7986 7986 7985 7986 7991 7991 7990 7991 7996 7996 7995 7996 8001 8001 8000 8001 8006 8006 8005 8006 8011 8011 8010 8011 8016 8016 8015 8016 8021 8021 8020 8021 8026 8026 8025 8026 8031 8031 8030 8031 8036 8036 8035 8036 0 0
5925 5924 5924 5924 7931 7930 7930 7930 7936 7935 7935 7935 7941 7940 7940 7940 7946 7945 7945 7945 7951 7950 7950 7950 7956 7955 7955 7955 7961 7960 7960 7960 7966 7965 7965 7965 7971 7970 7970 7970 7976 7975 7975 7975 7981 7980 7980 7980 7986 7985 7985 7985 7991 7990 7990 7990 7996 7995 7995 7995 8001 8000 8000 8000 8006 8005 8005 8005 8011 8010 8010 8010 8016 8015 8015 8015 8021 8020 8020 8020 8026 8025 8025 8025 8031 8030 8030 8030 8036 8035 8035 8035 0 0
8040 8040 8040 8041 8045 8045 8045 8046 8050 8050 8050 8051 8055 8055 8055 8056 8060 8060 8060 8061 8065 8065 8065 8066 8070 8070 8070 8071 8075 8075 8075 8076 8080 8080 8080 8081 8085 8085 8085 8086 8090 8090 8090 8091 8095 8095 8095 8096 8100 8100 8100 8101 8105 8105 8105 8106 8110 8110 8110 8111 8115 8115 8115 8116 8120 8120 8120 8121 8125 8125 8125 8126 8130 8130 8130 8131 8135 8135 8135 8136 8140 8140 8140 8141 8145 8145 8145 8146 8150 8150 8150 8151 0 0
8041 8040 8041 8041 8046 8045 8046 8046 8051 8050 8051 8051 8056 8055 8056 8056 8061 8060 8061 8061 8066 8065 8066 8066 8071 8070 8071 8071 8076 8075 8076 8076 8081 8080 8081 8081 8086 8085 8086 8086 8091 8090 8091 8091 8096 8095 8096 8096 8101 8100 8101 8101 8106 8105 8106 8106 8111 8110 8111 8111 8116 8115 8116 8116 8121 8120 8121 8121 8126 8125 8126 8126 8131 8130 8131 8131 8136 8135 8136 8136 8141 8140 8141 8141 8146 8145 8146 8146 8151 8150 8151 8151 0 0
8041 8041 8040 8041 8046 8046 8045 8046 8051 8051 8050 8051 8056 8056 8055 8056 8061 8061 8060 8061 8066 8066 8065 8066 8071 8071 8070 8071 8076 8076 8075 8076 8081 8081 8080 8081 8086 8086 8085 8086 8091 8091 8090 8091 8096 8096 8095 8096 8101 8101 8100 8101 8106 8106 8105 8106 8111 8111 8110 8111 8116 8116 8115 8116 8121 8121 8120 8121 8126 8126 8125 8126 8131 8131 8130 8131 8136 8136 8135 8136 8141 8141 8140 8141 8146 8146 8145 8146 8151 8151 8150 8151 0 0
8041 8040 8040 8040 8046 8045 8045 8045 8051 8050 8050 8050 8056 8055 8055 8055 8061 8060 8060 8060 8066 8065 8065 8065 8071 8070 8070 8070 8076 8075 8075 8075 8081 8080 8080 8080 8086 8085 8085 8085 8091 8090 8090 8090 8096 8095 8095 8095 8101 8100 8100 8100 8106 8105 8105 8105 8111 8110 8110 8110 8116 8115 8115 8115 8121 8120 8120 8120 8126 8125 8125 8125 8131 8130 8130 8130 8136 8135 8135 8135 8141 8140 8140 8140 8146 8145 8145 8145 8151 8150 8150 8150 0 0
8155 8155 8155 8156 8160 8160 8160 8161 8165 8165 8165 8166 8170 8170 8170 8171 8175 8175 8175 8176 8180 8180 8180 8181 8185 8185 8185 8186 8190 8190 8190 8191 8195 8195 8195 8196 8200 8200 8200 8201 8205 8205 8205 8206 8210 8210 8210 8211 8215 8215 8215 8216 8220 8220 8220 8221 8225 8225 8225 8226 8230 8230 8230 8231 8235 8235 8235 8236 8240 8240 8240 8241 9246 9246 9247 9247 9251 9251 9252 9252 9256 9256 9257 9257 9261 9261 9262 9262 9266 9266 9267 9267 0 0
8156 8155 8156 8156 8161 8160 8161 8161 8166 8165 8166 8166 8171 8170 8171 8171 8176 8175 8176 8176 8181 8180 8181 8181 8186 8185 8186 8186 8191 8190 8191 8191 8196 8195 8196 8196 8201 8200 8201 8201 8206 8205 8206 8206 8211 8210 8211 8211 8216 8215 8216 8216 8221 8220 8221 8221 8226 8225 8226 8226 8231 8230 8231 8231 8236 8235 8236 8236 8241 8240 8241 8241 9246 9246 9247 9247 9251 9251 9252 9252 9256 9256 9257 9257 9261 9261 9262 9262 9266 9266 9267 9267 0 0
8156 8156 8155 8156 8161 8161 8160 8161 8166 8166 8165 8166 8171 8171 8170 8171 8176 8176 8175 8176 8181 8181 8180 8181 8186 8186 8185 8186 8191 8191 8190 8191 8196 8196 8195 8196 8201 8201 8200 8201 8206 8206 8205 8206 8211 8211 8210 8211 8216 8216 8215 8216 8221 8221 8220 8221 8226 8226 8225 8226 8231 8231 8230 8231 8236 8236 8235 8236 8241 8241 8240 8241 9247 9247 9246 9246 9252 9252 9251 9251 9257 9257 9256 9256 9262 9262 9261 9261 9267 9267 9266 9266 0 0
8156 8155 8155 8155 8161 8160 8160 8160 8166 8165 8165 8165 8171 8170 8170 8170 8176 8175 8175 8175 8181 8180 8180 8180 8186 8185 8185 8185 8191 8190 8190 8190 8196 8195 8195 8195 8201 8200 8200 8200 8206 8205 8205 8205 8211 8210 8210 8210 8216 8215 8215 8215 8221 8220 8220 8220 8226 8225 8225 8225 8231 8230 8230 8230 8236 8235 8235 8235 8241 8240 8240 8240 9247 9247 9246 9246 9252 9252 9251 9251 9257 9257 9256 9256 9262 9262 9261 9261 9267 9267 9266 9266 0 0
9271 9271 9272 9272 9276 9276 9277 9277 9281 9281 9282 9282 9286 9286 9287 9287 9291 9291 9292 9292 9296 9296 9297 9297 9301 9301 9302 9302 9306 9306 9307 9307 9311 9311 9312 9312 9316 9316 9317 9317 9321 9321 9322 9322 9326 9326 9327 9327 9331 9331 9332 9332 9336 9336 9337 9337 9341 9341 9342 9342 9346 9346 9347 9347 9351 9351 9352 9352 9356 9356 9357 9357 9361 9361 9362 9362 9366 9366 9367 9367 9371 9371 9372 9372 9376 9376 9377 9377 9381 9381 9382 9382 0 0
9271 9271 9272 9272 9276 9276 9277 9277 9281 9281 9282 9282 9286 9286 9287 9287 9291 9291 9292 9292 9296 9296 9297 9297 9301 9301 9302 9302 9306 9306 9307 9307 9311 9311 9312 9312 9316 9316 9317 9317 9321 9321 9322 9322 9326 9326 9327 9327 9331 9331 9332 9332 9336 9336 9337 9337 9341 9341 9342 9342 9346 9346 9347 9347 9351 9351 9352 9352 9356 9356 9357 9357 9361 9361 9362 9362 9366 9366 9367 9367 9371 9371 9372 9372 9376 9376 9377 9377 9381 9381 9382 9382 0 0
9272 9272 9271 9271 9277 9277 9276 9276 9282 9282 9281 9281 9287 9287 9286 9286 9292 9292 9291 9291 9297 9297 9296 9296 9302 9302 9301 9301 9307 9307 9306 9306 9312 9312 9311 9311 9317 9317 9316 9316 9322 9322 9321 9321 9327 9327 9326 9326 9332 9332 9331 9331 9337 9337 9336 9336 9342 9342 9341 9341 9347 9347 9346 9346 9352 9352 9351 9351 9357 9357 9356 9356 9362 9362 9361 9361 9367 9367 9366 9366 9372 9372 9371 9371 9377 9377 9376 9376 9382 9382 9381 9381 0 0
9272 9272 9271 9271 9277 9277 9276 9276 9282 9282 9281 9281 9287 9287 9286 9286 9292 9292 9291 9291 9297 9297 9296 9296 9302 9302 9301 9301 9307 9307 9306 9306 9312 9312 9311 9311 9317 9317 9316 9316 9322 9322 9321 9321 9327 9327 9326 9326 9332 9332 9331 9331 9337 9337 9336 9336 9342 9342 9341 9341 9347 9347 9346 9346 9352 9352 9351 9351 9357 9357 9356 9356 9362 9362 9361 9361 9367 9367 9366 9366 9372 9372 9371 9371 9377 9377 9376 9376 9382 9382 9381 9381 0 0
9386 9386 9387 9387 9391 9391 9392 9392 9396 9396 9397 9397 9401 9401 9402 9402 9406 9406 9407 9407 9411 9411 9412 9412 9416 9416 9417 9417 9421 9421 9422 9422 9426 9426 9427 9427 9431 9431 9432 9432 9436 9436 9437 9437 9441 9441 9442 9442 9446 9446 9447 9447 9451 9451 9452 9452 9456 9456 9457 9457 9461 9461 9462 9462 9466 9466 9467 9467 9471 9471 9472 9472 9476 9476 9477 9477 9481 9481 9482 9482 9486 9486 9487 9487 9491 9491 9492 9492 9496 9496 9497 9497 0 0
9386 9386 9387 9387 9391 9391 9392 9392 9396 9396 9397 9397 9401 9401 9402 9402 9406 9406 9407 9407 9411 9411 9412 9412 9416 9416 9417 9417 9421 9421 9422 9422 9426 9426 9427 9427 9431 9431 9432 9432 9436 9436 9437 9437 9441 9441 9442 9442 9446 9446 9447 9447 9451 9451 9452 9452 9456 9456 9457 9457 9461 9461 9462 9462 9466 9466 9467 9467 9471 9471 9472 9472 9476 9476 9477 9477 9481 9481 9482 9482 9486 9486 9487 9487 9491 9491 9492 9492 9496 9496 9497 9497 0 0
9387 9387 9386 9386 9392 9392 9391 9391 9397 9397 9396 9396 9402 9402 9401 9401 9407 9407 9406 9406 9412 9412 9411 9411 9417 9417 9416 9416 9422 9422 9421 9421 9427 9427 9426 9426 9432 9432 9431 9431 9437 9437 9436 9436 9442 9442 9441 9441 9447 9447 9446 9446 9452 9452 9451 9451 9457 9457 9456 9456 9462 9462 9461 9461 9467 9467 9466 9466 9472 9472 9471 9471 9477 9477 9476 9476 9482 9482 9481 9481 9487 9487 9486 9486 9492 9492 9491 9491 9497 9497 9496 9496 0 0
9387 9387 9386 9386 9392 9392 9391 9391 9397 9397 9396 9396 9402 9402 9401 9401 9407 9407 9406 9406 9412 9412 9411 9411 9417 9417 9416 9416 9422 9422 9421 9421 9427 9427 9426 9426 9432 9432 9431 9431 9437 9437 9436 9436 9442 9442 9441 9441 9447 9447 9446 9446 9452 9452 9451 9451 9457 9457 9456 9456 9462 9462 9461 9461 9467 9467 9466 9466 9472 9472 9471 9471 9477 9477 9476 9476 9482 9482 9481 9481 9487 9487 9486 9486 9492 9492 9491 9491 9497 9497 9496 9496 0 0
9501 9501 9502 9502 9506 9506 9507 9507 9511 9511 9512 9512 9516 9516 9517 9517 9521 9521 9522 9522 9526 9526 9527 9527 9531 9531 9532 9532 9536 9536 9537 9537 9541 9541 9542 9542 9546 9546 9547 9547 9551 9551 9552 9552 9556 9556 9557 9557 9561 9561 9562 9562 9566 9566 9567 9567 9571 9571 9572 9572 9576 9576 9577 9577 9581 9581 9582 9582 9586 9586 9587 9587 9591 9591 9592 9592 9596 9596 9597 9597 1601 1601 1601 1601 1606 1606 1606 1606 1611 1611 1611 1611 0 0
9501 9501 9502 9502 9506 9506 9507 9507 9511 9511 9512 9512 9516 9516 9517 9517 9521 9521 9522 9522 9526 9526 9527 9527 9531 9531 9532 9532 9536 9536 9537 9537 9541 9541 9542 9542 9546 9546 9547 9547 9551 9551 9552 9552 9556 9556 9557 9557 9561 9561 9562 9562 9566 9566 9567 9567 9571 9571 9572 9572 9576 9576 9577 9577 9581 9581 9582 9582 9586 9586 9587 9587 9591 9591 9592 9592 9596 9596 9597 9597 1616 1616 1616 1616 1621 1621 1621 1621 1626 1626 1626 1626 0 0
9502 9502 9501 9501 9507 9507 9506 9506 9512 9512 9511 9511 9517 9517 9516 9516 9522 9522 9521 9521 9527 9527 9526 9526 9532 9532 9531 9531 9537 9537 9536 9536 9542 9542 9541 9541 9547 9547 9546 9546 9552 9552 9551 9551 9557 9557 9556 9556 9562 9562 9561 9561 9567 9567 9566 9566 9572 9572 9571 9571 9577 9577 9576 9576 9582 9582 9581 9581 9587 9587 9586 9586 9592 9592 9591 9591 9597 9597 9596 9596 1631 1631 1631 1631 1637 1637 1642 1642 1647 1647 0 0 0 0
9502 9502 9501 9501 9507 9507 9506 9506 9512 9512 9511 9511 9517 9517 9516 9516 9522 9522 9521 9521 9527 9527 9526 9526 9532 9532 9531 9531 9537 9537 9536 9536 9542 9542 9541 9541 9547 9547 9546 9546 9552 9552 9551 9551 9557 9557 9556 9556 9562 9562 9561 9561 9567 9567 9566 9566 9572 9572 9571 9571 9577 9577 9576 9576 9582 9582 9581 9581 9587 9587 9586 9586 9592 9592 9591 9591 9597 9597 9596 9596 1652 1652 1657 1657 1637 1637 1642 1642 1647 1647 0 0 0 0
0 1846 1846 1841 1841 1836 1836 1831 1831 1826 1826 1821 1821 1816 1816 1811 1811 1806 1806 1801 1801 1796 1796 1791 1791 1786 1786 1781 1781 1776 1776 1771 1771 1766 1766 1761 1761 1756 1756 1751 1751 1746 1746 1741 1741 1736 1736 1731 1731 1725 1725 1725 1720 1720 1720 1710 1710 1710 1704 1699 1699 1699 1694 1689 1689 1689 1683 1683 1683 1678 1678 1678 1673 1673 1673 1668 1668 1668 1662 1662 1652 1652 1657 1657 2121 2121 2126 2126 2131 2131 0 0 0 0
0 2361 1846 1846 1841 1841 1836 1836 1831 1831 1826 1826 1821 1821 1816 1816 1811 1811 1806 1806 1801 1801 1796 1796 1791 1791 1786 1786 1781 1781 1776 1776 1771 1771 1766 1766 1761 1761 1756 1756 1751 1751 1746 1746 1741 1741 1736 1736 1731 1731 1725 1851 1851 1720 0 1876 1710 1715 1704 1704 1704 1699 1694 1694 1694 1689 1683 1856 1856 1678 1861 1861 1673 1866 1866 1668 1871 1871 1662 1662 1881 2111 2111 2116 2116 2121 2121 2126 2126 2131 2131 0 0 0
2361 2361 2006 2006 2001 2001 1996 1996 1991 1991 1986 1986 1981 1981 1976 1976 1971 1971 1966 1966 1961 1961 1956 1956 1951 1951 1946 1946 1941 1941 1936 1936 1931 1931 1926 1926 1921 1921 1916 1916 1911 1911 1906 1906 1901 1901 1896 1896 1891 1891 1886 1886 1851 1851 1876 1876 1715 1715 1715 2036 2026 2026 2021 2021 2016 2016 2011 2011 1856 1856 2031 1861 1861 2046 1866 1866 2081 1871 1871 1881 1881 2106 2111 2111 2116 2116 2181 2181 2186 2186 0 0 0 0
2361 2366 2366 2006 2006 2001 2001 1996 1996 1991 1991 1986 1986 1981 1981 1976 1976 1971 1971 1966 1966 1961 1961 1956 1956 1951 1951 1946 1946 1941 1941 1936 1936 1931 1931 1926 1926 1921 1921 1916 1916 1911 1911 1906 1906 1901 1901 1896 1896 1891 1891 1886 1886 2136 1876 2141 0 2146 2036 2036 2041 2026 2026 2021 2021 2016 2016 2011 2011 2031 2031 2051 2046 2046 2086 2081 2081 2091 2091 1881 2106 2106 2156 2171 2171 2176 2176 2181 2181 2186 2186 0 0 0
2371 2371 2366 2366 2376 2426 2426 2431 2431 2436 2436 2441 2441 2446 2446 2451 2451 2456 2456 2461 2461 2466 2466 2471 2471 2476 2476 2481 2481 2486 2486 2491 2491 2496 2496 2501 2501 2506 2506 2511 2511 2516 2516 2521 2521 2526 2526 2531 2531 2536 2536 0 2136 2136 2141 2141 2146 2146 2036 2041 2041 2071 2071 2066 2066 2061 2061 2056 2056 2031 2051 2051 2046 2086 2086 2081 2096 2096 2091 2091 2106 2156 2156 2166 2171 2171 2176 2176 2311 2311 0 0 0 0
0 2371 2371 2376 2376 2421 2426 2426 2431 2431 2436 2436 2441 2441 2446 2446 2451 2451 2456 2456 2461 2461 2466 2466 2471 2471 2476 2476 2481 2481 2486 2486 2491 2491 2496 2496 2501 2501 2506 2506 2511 2511 2516 2516 2521 2521 2526 2526 2531 2531 2536 2536 2136 2191 2141 2196 2146 2151 2151 2041 2076 2076 2071 2071 2066 2066 2061 2061 2056 2056 2051 2101 2101 2086 0 2216 2216 2096 2096 2161 2161 2156 2166 2166 2226 2301 2301 2306 2306 2311 2311 0 0 0
0 2416 2416 2376 2421 2421 2556 2576 2576 2581 2581 2586 2586 2591 2591 2596 2596 2601 2601 2606 2606 2611 2611 2616 2616 2621 2621 2626 2626 2631 2631 2636 2636 2641 2641 2646 2646 2651 2651 2656 2656 2661 2661 2666 2666 2671 2671 2676 2676 2681 2681 0 2191 2191 2196 2196 2201 2201 2151 2151 2206 2076 2076 2256 2251 2251 2246 2246 2241 2241 2236 2236 2101 2101 2271 2271 2216 2216 2221 2221 2161 2161 2166 2226 2226 2296 2301 2301 2306 2306 0 0 0 0
2566 2566 2416 2416 2421 2556 2556 2571 2576 2576 2581 2581 2586 2586 2591 2591 2596 2596 2601 2601 2606 2606 2611 2611 2616 2616 2621 2621 2626 2626 2631 2631 2636 2636 2641 2641 2646 2646 2651 2651 2656 2656 2661 2661 2666 2666 2671 2671 2676 2676 2681 2681 2191 2316 2196 2211 2211 2201 2201 2206 2206 2261 2256 2256 2266 2251 2251 2246 2246 2241 2241 2236 2236 2276 2276 2271 2271 2281 2281 2221 2221 2231 2231 2226 2296 2296 2331 2721 2721 0 0 0 0 0
0 2566 2566 2561 2561 2556 2571 2571 2711 2746 2746 2751 2751 2756 2756 2761 2761 2766 2766 2771 2771 2776 2776 2781 2781 2786 2786 2791 2791 2796 2796 2801 2801 2806 2806 2811 2811 2816 2816 2821 2821 2826 2826 2831 2831 2836 2836 2841 2841 2846 2846 0 2316 2316 2321 2321 2211 2211 2326 2206 2261 2261 2256 2266 2266 2336 2356 2356 2351 2351 2346 2346 2341 2341 2276 2276 2286 2286 2281 2281 2291 2291 2231 2231 2296 2331 2331 2716 2721 2721 0 0 0 0
2736 2736 2726 2726 2561 2561 2571 2711 2711 2741 2746 2746 2751 2751 2756 2756 2761 2761 2766 2766 2771 2771 2776 2776 2781 2781 2786 2786 2791 2791 2796 2796 2801 2801 2806 2806 2811 2811 2816 2816 2821 2821 2826 2826 2831 2831 2836 2836 2841 2841 2846 2846 2316 2386 2386 2321 2321 2326 2326 2391 2261 2381 2381 2266 2336 2336 2396 2356 2356 2351 2351 2346 2346 2341 2341 2401 2401 2286 2286 2406 2406 2291 2291 2411 2411 2331 2716 2716 2851 0 0 0 0 0
3387 2736 2736 2726 2726 2731 2731 2711 2741 2741 2866 3147 2971 2971 2966 2966 2961 2961 2956 2956 2951 2951 2946 2946 2941 2941 2936 2936 2931 2931 2926 2926 2921 2921 2916 2916 2911 2911 2906 2906 2901 2901 2896 2896 2891 2891 2886 2886 2881 2881 2876 2876 2871 2871 2386 2386 2976 2326 2391 2391 2541 2541 2381 2381 2336 2396 2396 2696 3126 3126 3121 3121 3116 3116 3111 3111 2401 2401 2546 2546 2406 2406 2551 2551 2411 2411 2716 2851 2851 3392 3392 0 0 0
3387 3387 3402 0 0 3407 2731 2731 2741 2866 2866 3147 3147 2971 2971 2966 2966 2961 2961 2956 2956 2951 2951 2946 2946 2941 2941 2936 2936 2931 2931 2926 2926 2921 2921 2916 2916 2911 2911 2906 2906 2901 2901 2896 2896 2891 2891 2886 2886 2881 2881 2876 2876 2871 2871 2976 2976 2981 2391 2686 2686 2541 2541 2691 2691 2396 2696 2696 3131 3126 3126 3121 3121 3116 3116 3111 3111 3136 3136 2546 2546 2701 2701 2551 2551 2856 2856 2851 3392 3392 0 0 0 0
3542 3387 3402 3402 3412 3407 3407 3417 0 2866 3157 3157 3147 3086 3086 3081 3081 3076 3076 3071 3071 3066 3066 3061 3061 3056 3056 3051 3051 3046 3046 3041 3041 3036 3036 3031 3031 3026 3026 3021 3021 3016 3016 3011 3011 3006 3006 3001 3001 2996 2996 2991 2991 2986 2986 2976 2981 2981 3091 3091 2686 2686 2706 2706 2691 2691 2696 3131 3131 3162 3162 3167 3167 3172 3172 3177 3177 3187 3136 3136 3141 3141 2701 2701 2861 2861 2856 2856 3397 3397 0 0 0 0
3542 3542 3547 3402 3412 3412 3407 3417 3417 3157 3157 3197 3197 3202 3086 3086 3081 3081 3076 3076 3071 3071 3066 3066 3061 3061 3056 3056 3051 3051 3046 3046 3041 3041 3036 3036 3031 3031 3026 3026 3021 3021 3016 3016 3011 3011 3006 3006 3001 3001 2996 2996 2991 2991 2986 2986 2981 3096 3096 3091 3091 3101 3101 2706 2706 3152 3152 3131 3162 3162 3167 3167 3172 3172 3177 3177 3192 3187 3187 0 3212 3141 3141 3182 3182 2861 2861 3397 3397 3552 3552 0 0 0
3557 3542 3547 3547 0 3412 3422 3422 3417 3282 3197 3197 3207 3202 3202 3297 0 3487 0 0 3567 3567 3572 3572 3577 3577 3582 3582 3592 3592 3597 3597 3602 3602 3607 3607 3612 3612 3617 3617 3622 3622 3627 3627 3632 3632 3637 3637 3642 3642 3647 3647 3652 3652 3657 3657 3662 3662 3096 3096 3106 3106 3101 3101 3152 3152 3217 3217 3222 3222 3227 3227 3232 3232 3237 3237 3192 3192 3187 3252 3212 3212 3182 3182 3357 0 3532 0 3552 3552 0 0 0 0
3557 3557 3562 3547 0 3422 3422 3427 3427 3282 3282 3277 3207 3207 3202 3297 3297 3487 3487 3567 3567 3572 3572 3577 3577 3582 3582 3592 3592 3597 3597 3602 3602 3607 3607 3612 3612 3617 3617 3622 3622 3627 3627 3632 3632 3637 3637 3642 3642 3647 3647 3652 3652 3657 3657 3662 3662 3687 3687 0 3287 3106 3106 3242 3242 3217 3217 3222 3222 3227 3227 3232 3232 3237 3237 3247 3247 3192 3257 3252 3252 3212 3262 3262 3357 3357 3532 3532 0 0 0 0 0 0
0 3557 3562 3562 0 3437 3427 3427 3432 3432 3282 3277 3277 3207 3292 3292 3297 3482 3487 0 0 3792 3792 3787 3787 3782 3782 3777 3777 3772 3772 3767 3767 3762 3762 3757 3757 3752 3752 3747 3747 3742 3742 3737 3737 3732 3732 3727 3727 3722 3722 3717 3717 3712 3712 3697 3687 3687 3692 3692 3287 3287 3242 3242 3302 3302 3307 3307 3312 3312 3317 3317 3322 3322 3247 3247 3267 3267 3257 3257 3252 3262 3262 3352 3352 3357 3527 3532 0 0 0 0 0 0
0 0 0 3562 0 3437 3437 3432 3432 3442 3442 3447 3277 3292 3292 3332 3332 3482 3482 3807 3792 3792 3787 3787 3782 3782 3777 3777 3772 3772 3767 3767 3762 3762 3757 3757 3752 3752 3747 3747 3742 3742 3737 3737 3732 3732 3727 3727 3722 3722 3717 3717 3712 3712 3707 3697 3697 3692 3692 0 3342 3287 3337 3302 3302 3307 3307 3312 3312 3317 3317 3322 3322 3327 3327 3267 3267 3272 3272 3257 3347 3347 3352 3352 3367 3367 3527 3527 0 0 0 0 0 0
0 0 0 0 0 3467 3437 3462 3442 3442 3452 3447 3447 3457 3332 3332 3472 3472 3482 3807 3807 0 0 3917 3917 3912 3912 3907 3907 3902 3902 3897 3897 3892 3892 3887 3887 3882 3882 3877 3877 3872 3872 3867 3867 3862 3862 3857 3857 3852 3852 3847 3847 3812 3707 3707 3697 3702 3702 0 3342 3342 3337 3337 0 0 0 0 0 0 0 3382 3327 3327 3362 3362 3272 3272 3377 3347 3347 3372 3372 3367 3367 3522 3522 3527 0 0 0 0 0 0
0 0 0 0 0 3467 3467 3462 3462 3477 3452 3452 3447 3457 3457 3472 3472 3492 3492 3817 3807 3922 3917 3917 3912 3912 3907 3907 3902 3902 3897 3897 3892 3892 3887 3887 3882 3882 3877 3877 3872 3872 3867 3867 3862 3862 3857 3857 3852 3852 3847 3847 3842 3812 3812 3707 3702 3702 3827 3827 3502 3342 3497 3337 0 0 0 0 0 0 0 3382 3382 3362 3362 3507 3507 3512 3377 3377 3372 3372 3517 3517 3522 3522 3537 3537 0 0 0 0 0 0
0 0 0 0 0 3937 3467 3927 3462 3477 3477 3452 3587 3587 3457 3942 3492 3492 3822 3817 3817 3922 3922 0 0 4097 4097 4092 4092 4087 4087 4082 4082 4077 4077 4072 4072 4067 4067 4062 4062 4057 4057 4052 4052 4047 4047 4042 4042 4037 4037 3967 3842 3842 3812 3832 3832 3827 3827 3837 3502 3502 3497 3497 0 0 0 0 0 0 0 3987 3382 3972 3507 3507 3667 3512 3512 3377 3677 3517 3517 3672 3672 3537 3537 0 0 0 0 0 0 0
0 0 0 0 0 3937 3937 3927 3927 3932 3477 3587 3587 3952 3952 3942 3942 3947 3822 3822 3817 3997 3922 4102 4097 4097 4092 4092 4087 4087 4082 4082 4077 4077 4072 4072 4067 4067 4062 4062 4057 4057 4052 4052 4047 4047 4042 4042 4037 4037 4032 3967 3967 3842 3832 3832 4012 4012 4017 3837 3837 3502 4107 3497 0 0 0 0 0 0 0 3987 3987 3972 3972 3977 3667 3667 3512 3682 3677 3677 3672 3672 0 0 0 0 0 0 0 0 0 0
0 0 0 0 0 4142 3937 4127 3927 3932 3932 3957 3952 3952 3962 3962 3942 3947 3947 3822 4002 3997 3997 4102 4102 0 0 0 0 0 0 0 0 0 0 0 0 0 0 0 0 0 0 0 0 0 0 0 0 4147 4032 4032 3967 4022 4022 4012 4012 4027 4017 4017 3837 4112 4107 4107 0 0 0 0 0 0 0 4162 3987 4152 3972 3977 3977 3667 3797 3682 3682 3677 3802 3802 0 0 0 0 0 0 0 0 0 0
0 0 0 0 0 4142 4142 4127 4127 4132 3932 3957 3957 3962 3962 4167 4167 4172 3947 4007 4002 4002 3997 4192 4102 0 0 0 0 0 0 0 0 0 0 0 0 0 0 0 0 0 0 0 0 0 0 0 0 4147 4147 4032 4022 4022 0 0 0 4027 4027 4017 4117 4112 4112 4107 0 0 0 0 0 0 0 4162 4162 4152 4152 4157 3977 3982 3797 3797 3682 3802 3802 0 0 0 0 0 0 0 0 0 0 0
0 0 0 0 0 0 4142 0 4127 4132 4132 4137 3957 4177 4167 4167 4182 4172 4172 4007 4007 4002 4197 4192 4192 0 0 0 0 0 0 0 0 0 0 0 0 0 0 0 0 0 0 0 0 0 0 0 0 0 4147 0 0 0 0 0 0 0 4027 4122 4117 4117 4112 0 0 0 0 0 0 0 0 0 4162 0 4152 4157 4157 3982 3982 3797 3992 3992 0 0 0 0 0 0 0 0 0 0 0 0
0 0 0 0 0 0 0 0 0 0 4132 4137 4137 4177 4177 4187 4182 4182 4172 0 4007 4202 4197 4197 4192 0 0 0 0 0 0 0 0 0 0 0 0 0 0 0 0 0 0 0 0 0 0 0 0 0 0 0 0 0 0 0 0 0 0 4122 4122 4117 0 0 0 0 0 0 0 0 0 0 0 0 0 0 4157 0 3982 3992 3992 0 0 0 0 0 0 0 0 0 0 0 0 0
0 0 0 0 0 0 0 0 0 0 0 0 4137 0 4177 4187 4187 4182 0 0 0 4202 4202 4197 0 0 0 0 0 0 0 0 0 0 0 0 0 0 0 0 0 0 0 0 0 0 0 0 0 0 0 0 0 0 0 0 0 0 0 0 4122 0 0 0 0 0 0 0 0 0 0 0 0 0 0 0 0 0 0 0 0 0 0 0 0 0 0 0 0 0 0 0 0 0
0 0 0 0 0 0 0 0 0 0 0 0 0 0 0 0 4187 0 0 0 0 0 4202 0 0 0 0 0 0 0 0 0 0 0 0 0 0 0 0 0 0 0 0 0 0 0 0 0 0 0 0 0 0 0 0 0 0 0 0 0 0 0 0 0 0 0 0 0 0 0 0 0 0 0 0 0 0 0 0 0 0 0 0 0 0 0 0 0 0 0 0 0 0 0
0 0 0 0 0 0 0 0 0 0 0 0 0 0 0 0 0 0 0 0 0 0 0 0 0 0 0 0 0 0 0 0 0 0 0 0 0 0 0 0 0 0 0 0 0 0 0 0 0 0 0 0 0 0 0 0 0 0 0 0 0 0 0 0 0 0 0 0 0 0 0 0 0 0 0 0 0 0 0 0 0 0 0 0 0 0 0 0 0 0 0 0 0 0
0 0 0 0 0 0 0 0 0 0 0 0 0 0 0 0 0 0 0 0 0 0 0 0 0 0 0 0 0 0 0 0 0 0 0 0 0 0 0 0 0 0 0 0 0 0 0 0 0 0 0 0 0 0 0 0 0 0 0 0 0 0 0 0 0 0 0 0 0 0 0 0 0 0 0 0 0 0 0 0 0 0 0 0 0 0 0 0 0 0 0 0 0 0
0 0 0 0 0 0 0 0 0 0 0 0 0 0 0 0 0 0 0 0 0 0 0 0 0 0 0 0 0 0 0 0 0 0 0 0 0 0 0 0 0 0 0 0 0 0 0 0 0 0 0 0 0 0 0 0 0 0 0 0 0 0 0 0 0 0 0 0 0 0 0 0 0 0 0 0 0 0 0 0 0 0 0 0 0 0 0 0 0 0 0 0 0 0
0 0 0 0 0 0 0 0 0 0 0 0 0 0 0 0 0 0 0 0 0 0 0 0 0 0 0 0 0 0 0 0 0 0 0 0 0 0 0 0 0 0 0 0 0 0 0 0 0 0 0 0 0 0 0 0 0 0 0 0 0 0 0 0 0 0 0 0 0 0 0 0 0 0 0 0 0 0 0 0 0 0 0 0 0 0 0 0 0 0 0 0 0 0
0 0 0 0 0 0 0 0 0 0 0 0 0 0 0 0 0 0 0 0 0 0 0 0 0 0 0 0 0 0 0 0 0 0 0 0 0 0 0 0 0 0 0 0 0 0 0 0 0 0 0 0 0 0 0 0 0 0 0 0 0 0 0 0 0 0 0 0 0 0 0 0 0 0 0 0 0 0 0 0 0 0 0 0 0 0 0 0 0 0 0 0 0 0
0 0 0 0 0 0 0 0 0 0 0 0 0 0 0 0 0 0 0 0 0 0 0 0 0 0 0 0 0 0 0 0 0 0 0 0 0 0 0 0 0 0 0 0 0 0 0 0 0 0 0 0 0 0 0 0 0 0 0 0 0 0 0 0 0 0 0 0 0 0 0 0 0 0 0 0 0 0 0 0 0 0 0 0 0 0 0 0 0 0 0 0 0 0
0 0 0 0 0 0 0 0 0 0 0 0 0 0 0 0 0 0 0 0 0 0 0 0 0 0 0 0 0 0 0 0 0 0 0 0 0 0 0 0 0 0 0 0 0 0 0 0 0 0 0 0 0 0 0 0 0 0 0 0 0 0 0 0 0 0 0 0 0 0 0 0 0 0 0 0 0 0 0 0 0 0 0 0 0 0 0 0 0 0 0 0 0 0
0 0 0 0 0 0 0 0 0 0 0 0 0 0 0 0 0 0 0 0 0 0 0 0 0 0 0 0 0 0 0 0 0 0 0 0 0 0 0 0 0 0 0 0 0 0 0 0 0 0 0 0 0 0 0 0 0 0 0 0 0 0 0 0 0 0 0 0 0 0 0 0 0 0 0 0 0 0 0 0 0 0 0 0 0 0 0 0 0 0 0 0 0 0
0 0 0 0 0 0 0 0 0 0 0 0 0 0 0 0 0 0 0 0 0 0 0 0 0 0 0 0 0 0 0 0 0 0 0 0 0 0 0 0 0 0 0 0 0 0 0 0 0 0 0 0 0 0 0 0 0 0 0 0 0 0 0 0 0 0 0 0 0 0 0 0 0 0 0 0 0 0 0 0 0 0 0 0 0 0 0 0 0 0 0 0 0 0
0 0 0 0 0 0 0 0 0 0 0 0 0 0 0 0 0 0 0 0 0 0 0 0 0 0 0 0 0 0 0 0 0 0 0 0 0 0 0 0 0 0 0 0 0 0 0 0 0 0 0 0 0 0 0 0 0 0 0 0 0 0 0 0 0 0 0 0 0 0 0 0 0 0 0 0 0 0 0 0 0 0 0 0 0 0 0 0 0 0 0 0 0 0
