800904
Zlaganje

4
52 52
6004 6003 6003 6003 6009 6008 6008 6008 6024 6023 6023 6023 6034 6033 6033 6033 6044 6043 6043 6043 6054 6053 6053 6053 6064 6063 6063 6063 6074 6073 6073 6073 6084 6083 6083 6083 6094 6093 6093 6093 6104 6103 6103 6103 6114 6113 6113 6113 0 0 0 0
6004 6003 6004 6004 6009 6008 6009 6009 6024 6023 6024 6024 6034 6033 6034 6034 6044 6043 6044 6044 6054 6053 6054 6054 6064 6063 6064 6064 6074 6073 6074 6074 6084 6083 6084 6084 6094 6093 6094 6094 6104 6103 6104 6104 6114 6113 6114 6114 0 0 0 0
6004 6004 6003 6004 6009 6009 6008 6009 6024 6024 6023 6024 6034 6034 6033 6034 6044 6044 6043 6044 6054 6054 6053 6054 6064 6064 6063 6064 6074 6074 6073 6074 6084 6084 6083 6084 6094 6094 6093 6094 6104 6104 6103 6104 6114 6114 6113 6114 0 0 0 0
6003 6003 6003 6004 6008 6008 6008 6009 6023 6023 6023 6024 6033 6033 6033 6034 6043 6043 6043 6044 6053 6053 6053 6054 6063 6063 6063 6064 6073 6073 6073 6074 6083 6083 6083 6084 6093 6093 6093 6094 6103 6103 6103 6104 6113 6113 6113 6114 0 0 0 0
6014 6013 6013 6013 6019 6018 6018 6018 6029 6028 6028 6028 6039 6038 6038 6038 6049 6048 6048 6048 6059 6058 6058 6058 6069 6068 6068 6068 6079 6078 6078 6078 6089 6088 6088 6088 6099 6098 6098 6098 6109 6108 6108 6108 6119 6118 6118 6118 0 0 0 0
6014 6013 6014 6014 6019 6018 6019 6019 6029 6028 6029 6029 6039 6038 6039 6039 6049 6048 6049 6049 6059 6058 6059 6059 6069 6068 6069 6069 6079 6078 6079 6079 6089 6088 6089 6089 6099 6098 6099 6099 6109 6108 6109 6109 6119 6118 6119 6119 0 0 0 0
6014 6014 6013 6014 6019 6019 6018 6019 6029 6029 6028 6029 6039 6039 6038 6039 6049 6049 6048 6049 6059 6059 6058 6059 6069 6069 6068 6069 6079 6079 6078 6079 6089 6089 6088 6089 6099 6099 6098 6099 6109 6109 6108 6109 6119 6119 6118 6119 0 0 0 0
6013 6013 6013 6014 6018 6018 6018 6019 6028 6028 6028 6029 6038 6038 6038 6039 6048 6048 6048 6049 6058 6058 6058 6059 6068 6068 6068 6069 6078 6078 6078 6079 6088 6088 6088 6089 6098 6098 6098 6099 6108 6108 6108 6109 6118 6118 6118 6119 0 0 0 0
6124 6123 6123 6123 6129 6128 6128 6128 6134 6133 6133 6133 6139 6138 6138 6138 6144 6143 6143 6143 6149 6148 6148 6148 6154 6153 6153 6153 6159 6158 6158 6158 6164 6163 6163 6163 6169 6168 6168 6168 6174 6173 6173 6173 6179 6178 6178 6178 0 0 0 0
6124 6123 6124 6124 6129 6128 6129 6129 6134 6133 6134 6134 6139 6138 6139 6139 6144 6143 6144 6144 6149 6148 6149 6149 6154 6153 6154 6154 6159 6158 6159 6159 6164 6163 6164 6164 6169 6168 6169 6169 6174 6173 6174 6174 6179 6178 6179 6179 0 0 0 0
6124 6124 6123 6124 6129 6129 6128 6129 6134 6134 6133 6134 6139 6139 6138 6139 6144 6144 6143 6144 6149 6149 6148 6149 6154 6154 6153 6154 6159 6159 6158 6159 6164 6164 6163 6164 6169 6169 6168 6169 6174 6174 6173 6174 6179 6179 6178 6179 0 0 0 0
6123 6123 6123 6124 6128 6128 6128 6129 6133 6133 6133 6134 6138 6138 6138 6139 6143 6143 6143 6144 6148 6148 6148 6149 6153 6153 6153 6154 6158 6158 6158 6159 6163 6163 6163 6164 6168 6168 6168 6169 6173 6173 6173 6174 6178 6178 6178 6179 0 0 0 0
6184 6183 6183 6183 6189 6188 6188 6188 6194 6193 6193 6193 6199 6198 6198 6198 6204 6203 6203 6203 6209 6208 6208 6208 6214 6213 6213 6213 6219 6218 6218 6218 6224 6223 6223 6223 6229 6228 6228 6228 6234 6233 6233 6233 6239 6238 6238 6238 0 0 0 0
6184 6183 6184 6184 6189 6188 6189 6189 6194 6193 6194 6194 6199 6198 6199 6199 6204 6203 6204 6204 6209 6208 6209 6209 6214 6213 6214 6214 6219 6218 6219 6219 6224 6223 6224 6224 6229 6228 6229 6229 6234 6233 6234 6234 6239 6238 6239 6239 0 0 0 0
6184 6184 6183 6184 6189 6189 6188 6189 6194 6194 6193 6194 6199 6199 6198 6199 6204 6204 6203 6204 6209 6209 6208 6209 6214 6214 6213 6214 6219 6219 6218 6219 6224 6224 6223 6224 6229 6229 6228 6229 6234 6234 6233 6234 6239 6239 6238 6239 0 0 0 0
6183 6183 6183 6184 6188 6188 6188 6189 6193 6193 6193 6194 6198 6198 6198 6199 6203 6203 6203 6204 6208 6208 6208 6209 6213 6213 6213 6214 6218 6218 6218 6219 6223 6223 6223 6224 6228 6228 6228 6229 6233 6233 6233 6234 6238 6238 6238 6239 0 0 0 0
6244 6243 6243 6243 253 253 253 258 263 263 263 268 277 0 0 282 282 287 287 292 292 297 297 302 302 307 307 312 312 317 317 322 322 327 327 332 332 337 337 342 342 347 347 352 352 357 357 362 362 0 0 0
6244 6243 6244 6244 253 258 258 258 263 268 268 268 277 277 282 282 287 287 292 292 297 297 302 302 307 307 312 312 317 317 322 322 327 327 332 332 337 337 342 342 347 347 352 352 357 357 362 362 0 0 0 0
6244 6244 6243 6244 452 0 0 457 457 462 462 467 467 277 367 367 372 372 377 377 382 382 387 387 392 392 397 397 402 402 407 407 412 412 417 417 422 422 427 427 432 432 437 437 442 442 447 447 0 0 0 0
6243 6243 6243 6244 452 452 457 457 462 462 467 467 472 367 367 372 372 377 377 382 382 387 387 392 392 397 397 402 402 407 407 412 412 417 417 422 422 427 427 432 432 437 437 442 442 447 447 612 612 0 0 0
0 537 537 527 0 452 477 477 482 482 487 487 472 472 592 0 0 617 617 622 622 627 627 632 632 637 637 642 642 647 647 652 652 657 657 662 662 667 667 672 672 677 677 682 682 692 612 612 0 0 0 0
537 537 532 527 527 477 477 482 482 487 487 492 492 472 592 592 617 617 622 622 627 627 632 632 637 637 642 642 647 647 652 652 657 657 662 662 667 667 672 672 677 677 682 682 697 692 692 0 0 0 0 0
0 542 532 532 527 522 522 517 517 502 492 492 497 497 587 592 762 0 832 0 0 847 847 852 852 857 857 862 862 867 867 872 872 877 877 882 882 887 887 892 892 897 897 702 697 697 692 0 0 0 0 0
572 542 542 532 522 522 517 517 512 502 502 497 497 582 587 587 762 762 832 832 847 847 852 852 857 857 862 862 867 867 872 872 877 877 882 882 887 887 892 892 897 897 902 702 702 697 707 707 0 0 0 0
572 572 542 547 547 552 552 557 512 512 502 507 507 582 582 587 757 762 827 832 1002 0 1077 0 0 1092 1092 1097 1097 1102 1102 1107 1107 1112 1112 1117 1117 1122 1122 1127 1127 932 902 902 702 707 707 942 942 0 0 0
0 572 547 547 552 552 562 557 557 512 507 507 577 577 582 747 757 757 827 827 1002 1002 1077 1077 1092 1092 1097 1097 1102 1102 1107 1107 1112 1112 1117 1117 1122 1122 1127 1127 1132 932 932 902 937 937 942 942 0 0 0 0
0 722 722 717 717 597 562 562 557 567 567 577 577 602 602 747 747 757 822 827 997 1002 1072 1077 1257 0 1337 0 1432 0 0 0 0 0 0 0 0 0 0 1142 1132 1132 932 937 937 947 947 952 952 0 0 0
722 722 717 717 712 597 597 562 567 567 607 607 602 602 742 742 747 807 822 822 997 997 1072 1072 1257 1257 1337 1337 1432 1432 0 0 0 0 0 0 0 0 0 1142 1142 1132 1137 1137 947 947 952 952 0 0 0 0
0 787 787 727 712 712 597 687 687 607 607 732 732 742 742 767 767 807 807 822 992 997 1067 1072 1252 1257 1332 1337 1427 1432 0 0 0 0 0 0 0 0 0 0 1142 1137 1137 1177 1177 1182 1182 1187 1187 0 0 0
787 787 782 727 727 712 687 687 737 737 732 732 772 772 767 767 802 802 807 977 992 992 1067 1067 1252 1252 1332 1332 1427 1427 0 0 0 0 0 0 0 0 0 0 0 0 1177 1177 1182 1182 1187 1187 0 0 0 0
0 792 782 782 727 752 752 737 737 777 777 772 772 797 797 802 802 837 837 977 977 992 1062 1067 1247 1252 1327 1332 1422 1427 0 0 0 0 0 0 0 0 0 0 0 0 0 0 0 0 0 0 0 0 0 0
957 792 792 782 752 752 812 812 777 777 817 817 797 797 842 842 837 837 972 972 977 1042 1062 1062 1247 1247 1327 1327 1422 1422 0 0 0 0 0 0 0 0 0 0 0 0 0 0 0 0 0 0 0 0 0 0
957 957 792 907 907 812 812 912 912 817 817 917 917 842 842 962 962 972 972 1007 1007 1042 1042 1062 1242 1247 1322 1327 1417 1422 0 0 0 0 0 0 0 0 0 0 0 0 0 0 0 0 0 0 0 0 0 0
1027 957 907 907 922 922 912 912 927 927 917 917 967 967 962 962 1012 1012 1007 1007 1037 1037 1042 1217 1242 1242 1322 1322 1417 1417 0 0 0 0 0 0 0 0 0 0 0 0 0 0 0 0 0 0 0 0 0 0
1027 1027 1022 922 922 982 982 927 927 987 987 967 967 1017 1017 1012 1012 1032 1032 1037 1037 1082 1082 1217 1217 1242 1317 1322 1412 1417 0 0 0 0 0 0 0 0 0 0 0 0 0 0 0 0 0 0 0 0 0 0
1197 1027 1022 1022 982 982 1047 1047 987 987 1052 1052 1017 1017 1057 1057 1032 1032 1087 1087 1082 1082 1212 1212 1217 1312 1317 1317 1412 1412 0 0 0 0 0 0 0 0 0 0 0 0 0 0 0 0 0 0 0 0 0 0
1197 1197 1192 1022 1152 1047 1047 1147 1147 1052 1052 1157 1157 1057 1057 1162 1162 1087 1087 1202 1202 1212 1212 1262 1262 1312 1312 1317 1407 1412 0 0 0 0 0 0 0 0 0 0 0 0 0 0 0 0 0 0 0 0 0 0
1282 1197 1192 1192 1152 1152 1147 1147 1167 1167 1157 1157 1172 1172 1162 1162 1207 1207 1202 1202 1267 1267 1262 1262 1307 1307 1312 1402 1407 1407 0 0 0 0 0 0 0 0 0 0 0 0 0 0 0 0 0 0 0 0 0 0
1282 1282 1277 1192 1232 1152 1227 1167 1167 1222 1222 1172 1172 1237 1237 1207 1207 1272 1272 1267 1267 1287 1287 1307 1307 1367 1367 1402 1402 1407 1522 0 0 0 0 0 0 0 0 0 0 0 0 0 0 0 0 0 0 0 0 0
1387 1282 1277 1277 1232 1232 1227 1227 1222 1222 1292 1292 1237 1237 1297 1297 1272 1272 1302 1302 1287 1287 1372 1372 1367 1367 1397 1397 1402 1517 1522 1522 0 0 0 0 0 0 0 0 0 0 0 0 0 0 0 0 0 0 0 0
1387 1387 1382 1277 1357 1232 1352 1227 1347 1292 1292 1342 1342 1297 1297 1362 1362 1302 1302 1377 1377 1372 1372 1392 1392 1397 1397 1452 1452 1517 1517 1522 0 0 0 0 0 0 0 0 0 0 0 0 0 0 0 0 0 0 0 0
1502 1387 1382 1382 1357 1357 1352 1352 1347 1347 1342 1342 1437 1437 1362 1362 1442 1442 1377 1377 1447 1447 1392 1392 1457 1457 1452 1452 1512 1512 1517 0 0 0 0 0 0 0 0 0 0 0 0 0 0 0 0 0 0 0 0 0
1502 1502 1497 1382 1482 1357 1477 1352 1472 1347 1467 1437 1437 1462 1462 1442 1442 1487 1487 1447 1447 1492 1492 1457 1457 1507 1507 1512 1512 0 0 0 0 0 0 0 0 0 0 0 0 0 0 0 0 0 0 0 0 0 0 0
0 1502 1497 1497 1482 1482 1477 1477 1472 1472 1467 1467 1462 1462 0 0 1487 1487 0 0 1492 1492 0 0 1507 1507 0 0 0 0 0 0 0 0 0 0 0 0 0 0 0 0 0 0 0 0 0 0 0 0 0 0
0 0 0 1497 0 1482 0 1477 0 1472 0 1467 0 0 0 0 0 0 0 0 0 0 0 0 0 0 0 0 0 0 0 0 0 0 0 0 0 0 0 0 0 0 0 0 0 0 0 0 0 0 0 0
0 0 0 0 0 0 0 0 0 0 0 0 0 0 0 0 0 0 0 0 0 0 0 0 0 0 0 0 0 0 0 0 0 0 0 0 0 0 0 0 0 0 0 0 0 0 0 0 0 0 0 0
0 0 0 0 0 0 0 0 0 0 0 0 0 0 0 0 0 0 0 0 0 0 0 0 0 0 0 0 0 0 0 0 0 0 0 0 0 0 0 0 0 0 0 0 0 0 0 0 0 0 0 0
0 0 0 0 0 0 0 0 0 0 0 0 0 0 0 0 0 0 0 0 0 0 0 0 0 0 0 0 0 0 0 0 0 0 0 0 0 0 0 0 0 0 0 0 0 0 0 0 0 0 0 0
0 0 0 0 0 0 0 0 0 0 0 0 0 0 0 0 0 0 0 0 0 0 0 0 0 0 0 0 0 0 0 0 0 0 0 0 0 0 0 0 0 0 0 0 0 0 0 0 0 0 0 0
0 0 0 0 0 0 0 0 0 0 0 0 0 0 0 0 0 0 0 0 0 0 0 0 0 0 0 0 0 0 0 0 0 0 0 0 0 0 0 0 0 0 0 0 0 0 0 0 0 0 0 0
0 0 0 0 0 0 0 0 0 0 0 0 0 0 0 0 0 0 0 0 0 0 0 0 0 0 0 0 0 0 0 0 0 0 0 0 0 0 0 0 0 0 0 0 0 0 0 0 0 0 0 0
0 0 0 0 0 0 0 0 0 0 0 0 0 0 0 0 0 0 0 0 0 0 0 0 0 0 0 0 0 0 0 0 0 0 0 0 0 0 0 0 0 0 0 0 0 0 0 0 0 0 0 0
