800904
Zlaganje

5
73 73
6004 6003 6003 6003 6009 6008 6008 6008 6024 6023 6023 6023 6034 6033 6033 6033 6044 6043 6043 6043 6054 6053 6053 6053 6064 6063 6063 6063 6074 6073 6073 6073 6084 6083 6083 6083 6094 6093 6093 6093 6104 6103 6103 6103 6114 6113 6113 6113 6124 6123 6123 6123 6134 6133 6133 6133 6144 6143 6143 6143 6154 6153 6153 6153 6164 6163 6163 6163 0 0 0 0 0
6004 6003 6004 6004 6009 6008 6009 6009 6024 6023 6024 6024 6034 6033 6034 6034 6044 6043 6044 6044 6054 6053 6054 6054 6064 6063 6064 6064 6074 6073 6074 6074 6084 6083 6084 6084 6094 6093 6094 6094 6104 6103 6104 6104 6114 6113 6114 6114 6124 6123 6124 6124 6134 6133 6134 6134 6144 6143 6144 6144 6154 6153 6154 6154 6164 6163 6164 6164 0 0 0 0 0
6004 6004 6003 6004 6009 6009 6008 6009 6024 6024 6023 6024 6034 6034 6033 6034 6044 6044 6043 6044 6054 6054 6053 6054 6064 6064 6063 6064 6074 6074 6073 6074 6084 6084 6083 6084 6094 6094 6093 6094 6104 6104 6103 6104 6114 6114 6113 6114 6124 6124 6123 6124 6134 6134 6133 6134 6144 6144 6143 6144 6154 6154 6153 6154 6164 6164 6163 6164 0 0 0 0 0
6003 6003 6003 6004 6008 6008 6008 6009 6023 6023 6023 6024 6033 6033 6033 6034 6043 6043 6043 6044 6053 6053 6053 6054 6063 6063 6063 6064 6073 6073 6073 6074 6083 6083 6083 6084 6093 6093 6093 6094 6103 6103 6103 6104 6113 6113 6113 6114 6123 6123 6123 6124 6133 6133 6133 6134 6143 6143 6143 6144 6153 6153 6153 6154 6163 6163 6163 6164 0 0 0 0 0
6014 6013 6013 6013 6019 6018 6018 6018 6029 6028 6028 6028 6039 6038 6038 6038 6049 6048 6048 6048 6059 6058 6058 6058 6069 6068 6068 6068 6079 6078 6078 6078 6089 6088 6088 6088 6099 6098 6098 6098 6109 6108 6108 6108 6119 6118 6118 6118 6129 6128 6128 6128 6139 6138 6138 6138 6149 6148 6148 6148 6159 6158 6158 6158 6169 6168 6168 6168 0 0 0 0 0
6014 6013 6014 6014 6019 6018 6019 6019 6029 6028 6029 6029 6039 6038 6039 6039 6049 6048 6049 6049 6059 6058 6059 6059 6069 6068 6069 6069 6079 6078 6079 6079 6089 6088 6089 6089 6099 6098 6099 6099 6109 6108 6109 6109 6119 6118 6119 6119 6129 6128 6129 6129 6139 6138 6139 6139 6149 6148 6149 6149 6159 6158 6159 6159 6169 6168 6169 6169 0 0 0 0 0
6014 6014 6013 6014 6019 6019 6018 6019 6029 6029 6028 6029 6039 6039 6038 6039 6049 6049 6048 6049 6059 6059 6058 6059 6069 6069 6068 6069 6079 6079 6078 6079 6089 6089 6088 6089 6099 6099 6098 6099 6109 6109 6108 6109 6119 6119 6118 6119 6129 6129 6128 6129 6139 6139 6138 6139 6149 6149 6148 6149 6159 6159 6158 6159 6169 6169 6168 6169 0 0 0 0 0
6013 6013 6013 6014 6018 6018 6018 6019 6028 6028 6028 6029 6038 6038 6038 6039 6048 6048 6048 6049 6058 6058 6058 6059 6068 6068 6068 6069 6078 6078 6078 6079 6088 6088 6088 6089 6098 6098 6098 6099 6108 6108 6108 6109 6118 6118 6118 6119 6128 6128 6128 6129 6138 6138 6138 6139 6148 6148 6148 6149 6158 6158 6158 6159 6168 6168 6168 6169 0 0 0 0 0
6174 6173 6173 6173 6179 6178 6178 6178 6184 6183 6183 6183 6189 6188 6188 6188 6194 6193 6193 6193 6199 6198 6198 6198 6204 6203 6203 6203 6209 6208 6208 6208 6214 6213 6213 6213 6219 6218 6218 6218 6224 6223 6223 6223 6229 6228 6228 6228 6234 6233 6233 6233 6239 6238 6238 6238 6244 6243 6243 6243 6249 6248 6248 6248 6254 6253 6253 6253 0 0 0 0 0
6174 6173 6174 6174 6179 6178 6179 6179 6184 6183 6184 6184 6189 6188 6189 6189 6194 6193 6194 6194 6199 6198 6199 6199 6204 6203 6204 6204 6209 6208 6209 6209 6214 6213 6214 6214 6219 6218 6219 6219 6224 6223 6224 6224 6229 6228 6229 6229 6234 6233 6234 6234 6239 6238 6239 6239 6244 6243 6244 6244 6249 6248 6249 6249 6254 6253 6254 6254 0 0 0 0 0
6174 6174 6173 6174 6179 6179 6178 6179 6184 6184 6183 6184 6189 6189 6188 6189 6194 6194 6193 6194 6199 6199 6198 6199 6204 6204 6203 6204 6209 6209 6208 6209 6214 6214 6213 6214 6219 6219 6218 6219 6224 6224 6223 6224 6229 6229 6228 6229 6234 6234 6233 6234 6239 6239 6238 6239 6244 6244 6243 6244 6249 6249 6248 6249 6254 6254 6253 6254 0 0 0 0 0
6173 6173 6173 6174 6178 6178 6178 6179 6183 6183 6183 6184 6188 6188 6188 6189 6193 6193 6193 6194 6198 6198 6198 6199 6203 6203 6203 6204 6208 6208 6208 6209 6213 6213 6213 6214 6218 6218 6218 6219 6223 6223 6223 6224 6228 6228 6228 6229 6233 6233 6233 6234 6238 6238 6238 6239 6243 6243 6243 6244 6248 6248 6248 6249 6253 6253 6253 6254 0 0 0 0 0
6259 6258 6258 6258 6264 6263 6263 6263 6269 6268 6268 6268 6274 6273 6273 6273 6279 6278 6278 6278 6284 6283 6283 6283 6289 6288 6288 6288 6294 6293 6293 6293 6299 6298 6298 6298 6304 6303 6303 6303 6309 6308 6308 6308 6314 6313 6313 6313 6319 6318 6318 6318 6324 6323 6323 6323 6329 6328 6328 6328 6334 6333 6333 6333 6339 6338 6338 6338 0 0 0 0 0
6259 6258 6259 6259 6264 6263 6264 6264 6269 6268 6269 6269 6274 6273 6274 6274 6279 6278 6279 6279 6284 6283 6284 6284 6289 6288 6289 6289 6294 6293 6294 6294 6299 6298 6299 6299 6304 6303 6304 6304 6309 6308 6309 6309 6314 6313 6314 6314 6319 6318 6319 6319 6324 6323 6324 6324 6329 6328 6329 6329 6334 6333 6334 6334 6339 6338 6339 6339 0 0 0 0 0
6259 6259 6258 6259 6264 6264 6263 6264 6269 6269 6268 6269 6274 6274 6273 6274 6279 6279 6278 6279 6284 6284 6283 6284 6289 6289 6288 6289 6294 6294 6293 6294 6299 6299 6298 6299 6304 6304 6303 6304 6309 6309 6308 6309 6314 6314 6313 6314 6319 6319 6318 6319 6324 6324 6323 6324 6329 6329 6328 6329 6334 6334 6333 6334 6339 6339 6338 6339 0 0 0 0 0
6258 6258 6258 6259 6263 6263 6263 6264 6268 6268 6268 6269 6273 6273 6273 6274 6278 6278 6278 6279 6283 6283 6283 6284 6288 6288 6288 6289 6293 6293 6293 6294 6298 6298 6298 6299 6303 6303 6303 6304 6308 6308 6308 6309 6313 6313 6313 6314 6318 6318 6318 6319 6323 6323 6323 6324 6328 6328 6328 6329 6333 6333 6333 6334 6338 6338 6338 6339 0 0 0 0 0
6344 6343 6343 6343 6349 6348 6348 6348 6354 6353 6353 6353 8361 8361 8362 8362 8366 8366 8367 8367 8371 8371 8372 8372 8376 8376 8377 8377 8381 8381 8382 8382 8386 8386 8387 8387 8391 8391 8392 8392 8396 8396 8397 8397 8401 8401 8402 8402 8406 8406 8407 8407 8411 8411 8412 8412 8416 8416 8417 8417 8421 8421 8422 8422 8426 8426 8427 8427 0 0 0 0 0
6344 6343 6344 6344 6349 6348 6349 6349 6354 6353 6354 6354 8361 8361 8362 8362 8366 8366 8367 8367 8371 8371 8372 8372 8376 8376 8377 8377 8381 8381 8382 8382 8386 8386 8387 8387 8391 8391 8392 8392 8396 8396 8397 8397 8401 8401 8402 8402 8406 8406 8407 8407 8411 8411 8412 8412 8416 8416 8417 8417 8421 8421 8422 8422 8426 8426 8427 8427 0 0 0 0 0
6344 6344 6343 6344 6349 6349 6348 6349 6354 6354 6353 6354 8362 8362 8361 8361 8367 8367 8366 8366 8372 8372 8371 8371 8377 8377 8376 8376 8382 8382 8381 8381 8387 8387 8386 8386 8392 8392 8391 8391 8397 8397 8396 8396 8402 8402 8401 8401 8407 8407 8406 8406 8412 8412 8411 8411 8417 8417 8416 8416 8422 8422 8421 8421 8427 8427 8426 8426 0 0 0 0 0
6343 6343 6343 6344 6348 6348 6348 6349 6353 6353 6353 6354 8362 8362 8361 8361 8367 8367 8366 8366 8372 8372 8371 8371 8377 8377 8376 8376 8382 8382 8381 8381 8387 8387 8386 8386 8392 8392 8391 8391 8397 8397 8396 8396 8402 8402 8401 8401 8407 8407 8406 8406 8412 8412 8411 8411 8417 8417 8416 8416 8422 8422 8421 8421 8427 8427 8426 8426 0 0 0 0 0
8431 8431 8432 8432 8436 8436 8437 8437 8441 8441 8442 8442 8446 8446 8447 8447 8451 8451 8452 8452 8456 8456 8457 8457 8461 8461 8462 8462 8466 8466 8467 8467 8471 8471 8472 8472 8476 8476 8477 8477 8481 8481 8482 8482 8486 8486 8487 8487 8491 8491 8492 8492 8496 8496 8497 8497 8501 8501 8502 8502 8506 8506 8507 8507 8511 8511 8512 8512 0 0 0 0 0
8431 8431 8432 8432 8436 8436 8437 8437 8441 8441 8442 8442 8446 8446 8447 8447 8451 8451 8452 8452 8456 8456 8457 8457 8461 8461 8462 8462 8466 8466 8467 8467 8471 8471 8472 8472 8476 8476 8477 8477 8481 8481 8482 8482 8486 8486 8487 8487 8491 8491 8492 8492 8496 8496 8497 8497 8501 8501 8502 8502 8506 8506 8507 8507 8511 8511 8512 8512 0 0 0 0 0
8432 8432 8431 8431 8437 8437 8436 8436 8442 8442 8441 8441 8447 8447 8446 8446 8452 8452 8451 8451 8457 8457 8456 8456 8462 8462 8461 8461 8467 8467 8466 8466 8472 8472 8471 8471 8477 8477 8476 8476 8482 8482 8481 8481 8487 8487 8486 8486 8492 8492 8491 8491 8497 8497 8496 8496 8502 8502 8501 8501 8507 8507 8506 8506 8512 8512 8511 8511 0 0 0 0 0
8432 8432 8431 8431 8437 8437 8436 8436 8442 8442 8441 8441 8447 8447 8446 8446 8452 8452 8451 8451 8457 8457 8456 8456 8462 8462 8461 8461 8467 8467 8466 8466 8472 8472 8471 8471 8477 8477 8476 8476 8482 8482 8481 8481 8487 8487 8486 8486 8492 8492 8491 8491 8497 8497 8496 8496 8502 8502 8501 8501 8507 8507 8506 8506 8512 8512 8511 8511 0 0 0 0 0
8516 8516 8517 8517 8521 8521 8522 8522 8526 8526 8527 8527 8531 8531 8532 8532 8536 8536 8537 8537 8541 8541 8542 8542 8546 8546 8547 8547 8551 8551 8552 8552 8556 8556 8557 8557 8561 8561 8562 8562 8566 8566 8567 8567 8571 8571 8572 8572 8576 8576 8577 8577 8581 8581 8582 8582 8586 8586 8587 8587 8591 8591 8592 8592 8596 8596 8597 8597 0 0 0 0 0
8516 8516 8517 8517 8521 8521 8522 8522 8526 8526 8527 8527 8531 8531 8532 8532 8536 8536 8537 8537 8541 8541 8542 8542 8546 8546 8547 8547 8551 8551 8552 8552 8556 8556 8557 8557 8561 8561 8562 8562 8566 8566 8567 8567 8571 8571 8572 8572 8576 8576 8577 8577 8581 8581 8582 8582 8586 8586 8587 8587 8591 8591 8592 8592 8596 8596 8597 8597 0 0 0 0 0
8517 8517 8516 8516 8522 8522 8521 8521 8527 8527 8526 8526 8532 8532 8531 8531 8537 8537 8536 8536 8542 8542 8541 8541 8547 8547 8546 8546 8552 8552 8551 8551 8557 8557 8556 8556 8562 8562 8561 8561 8567 8567 8566 8566 8572 8572 8571 8571 8577 8577 8576 8576 8582 8582 8581 8581 8587 8587 8586 8586 8592 8592 8591 8591 8597 8597 8596 8596 0 0 0 0 0
8517 8517 8516 8516 8522 8522 8521 8521 8527 8527 8526 8526 8532 8532 8531 8531 8537 8537 8536 8536 8542 8542 8541 8541 8547 8547 8546 8546 8552 8552 8551 8551 8557 8557 8556 8556 8562 8562 8561 8561 8567 8567 8566 8566 8572 8572 8571 8571 8577 8577 8576 8576 8582 8582 8581 8581 8587 8587 8586 8586 8592 8592 8591 8591 8597 8597 8596 8596 0 0 0 0 0
8601 8601 8602 8602 8606 8606 8607 8607 8611 8611 8612 8612 8616 8616 8617 8617 8621 8621 8622 8622 8626 8626 8627 8627 8631 8631 8632 8632 8636 8636 8637 8637 8641 8641 8642 8642 8646 8646 8647 8647 8651 8651 8652 8652 8656 8656 8657 8657 8661 8661 8662 8662 8666 8666 8667 8667 671 671 671 671 676 676 676 676 681 681 681 681 0 0 0 0 0
8601 8601 8602 8602 8606 8606 8607 8607 8611 8611 8612 8612 8616 8616 8617 8617 8621 8621 8622 8622 8626 8626 8627 8627 8631 8631 8632 8632 8636 8636 8637 8637 8641 8641 8642 8642 8646 8646 8647 8647 8651 8651 8652 8652 8656 8656 8657 8657 8661 8661 8662 8662 8666 8666 8667 8667 686 686 686 686 691 691 691 691 718 718 718 723 0 0 0 0 0
8602 8602 8601 8601 8607 8607 8606 8606 8612 8612 8611 8611 8617 8617 8616 8616 8622 8622 8621 8621 8627 8627 8626 8626 8632 8632 8631 8631 8637 8637 8636 8636 8642 8642 8641 8641 8647 8647 8646 8646 8652 8652 8651 8651 8657 8657 8656 8656 8662 8662 8661 8661 8667 8667 8666 8666 697 697 702 702 707 707 712 712 718 723 723 723 0 0 0 0 0
8602 8602 8601 8601 8607 8607 8606 8606 8612 8612 8611 8611 8617 8617 8616 8616 8622 8622 8621 8621 8627 8627 8626 8626 8632 8632 8631 8631 8637 8637 8636 8636 8642 8642 8641 8641 8647 8647 8646 8646 8652 8652 8651 8651 8657 8657 8656 8656 8662 8662 8661 8661 8667 8667 8666 8666 697 697 702 702 707 707 712 712 728 733 733 733 896 0 0 0 0
0 886 886 881 881 876 876 871 871 866 866 861 861 856 856 851 851 846 846 841 841 836 836 831 831 826 826 821 821 816 816 811 811 806 806 801 801 796 796 791 791 786 786 781 781 776 776 771 771 766 766 761 761 0 754 749 749 749 744 739 739 739 728 728 728 733 891 896 896 0 0 0 0
1056 1056 886 886 881 881 876 876 871 871 866 866 861 861 856 856 851 851 846 846 841 841 836 836 831 831 826 826 821 821 816 816 811 811 806 806 801 801 796 796 791 791 786 786 781 781 776 776 771 771 766 766 761 761 754 754 754 749 744 744 744 739 901 901 0 891 891 896 1071 0 0 0 0
0 1056 1056 1051 1051 1046 1046 1041 1041 1036 1036 1031 1031 1026 1026 1021 1021 1016 1016 1011 1011 1006 1006 1001 1001 996 996 991 991 986 986 981 981 976 976 971 971 966 966 961 961 956 956 951 951 946 946 941 941 936 936 931 931 926 926 921 921 916 916 911 911 906 906 901 901 891 1076 1071 1071 0 0 0 0
1066 1066 1061 1061 1051 1051 1046 1046 1041 1041 1036 1036 1031 1031 1026 1026 1021 1021 1016 1016 1011 1011 1006 1006 1001 1001 996 996 991 991 986 986 981 981 976 976 971 971 966 966 961 961 956 956 951 951 946 946 941 941 936 936 931 931 926 926 921 921 916 916 911 911 906 906 1081 1076 1076 1071 1086 0 0 0 0
0 1066 1066 1061 1061 1101 1106 1106 1111 1111 1116 1116 1121 1121 1126 1126 1131 1131 1136 1136 1141 1141 1146 1146 1151 1151 1156 1156 1161 1161 1166 1166 1171 1171 1176 1176 1181 1181 1186 1186 1191 1191 1196 1196 1201 1201 1206 1206 1211 1211 1216 1216 1221 1221 1226 1226 1231 1231 1236 1236 1241 1241 0 1081 1081 1076 1091 1086 1086 0 0 0 0
0 1451 0 1261 1101 1101 1246 1106 1106 1111 1111 1116 1116 1121 1121 1126 1126 1131 1131 1136 1136 1141 1141 1146 1146 1151 1151 1156 1156 1161 1161 1166 1166 1171 1171 1176 1176 1181 1181 1186 1186 1191 1191 1196 1196 1201 1201 1206 1206 1211 1211 1216 1216 1221 1221 1226 1226 1231 1231 1236 1236 1241 1241 1081 1096 1091 1091 1086 1271 0 0 0 0
1451 1451 1261 1261 1101 1246 1246 1251 1286 1286 1291 1291 1296 1296 1301 1301 1306 1306 1311 1311 1316 1316 1321 1321 1326 1326 1331 1331 1336 1336 1341 1341 1346 1346 1351 1351 1356 1356 1361 1361 1366 1366 1371 1371 1376 1376 1381 1381 1386 1386 1391 1391 1396 1396 1401 1401 1406 1406 1411 1411 1416 1416 0 1096 1096 1091 1276 1271 1271 0 0 0 0
1451 1446 1261 1256 1256 1246 1251 1251 1421 1286 1286 1291 1291 1296 1296 1301 1301 1306 1306 1311 1311 1316 1316 1321 1321 1326 1326 1331 1331 1336 1336 1341 1341 1346 1346 1351 1351 1356 1356 1361 1361 1366 1366 1371 1371 1376 1376 1381 1381 1386 1386 1391 1391 1396 1396 1401 1401 1406 1406 1411 1411 1416 1416 1096 1281 1276 1276 1271 1486 0 0 0 0
1446 1446 1266 1266 1256 1256 1251 1421 1421 1431 0 1501 0 1521 0 1536 0 1561 0 1576 0 1591 0 1606 0 1661 0 1681 0 1701 0 1721 0 1751 0 1771 0 1861 0 1886 0 1921 1977 0 2017 0 2152 0 2282 0 2407 0 2562 0 0 2617 2617 2622 2622 2627 2627 2632 2632 1281 1281 1276 1491 1486 1486 0 0 0 0
1446 1441 1441 1266 1266 1426 1426 1421 1431 1431 1501 1501 1521 1521 1536 1536 1561 1561 1576 1576 1591 1591 1606 1606 1661 1661 1681 1681 1701 1701 1721 1721 1751 1751 1771 1771 1861 1861 1886 1886 1921 1921 1977 1977 2017 2017 2152 2152 2282 2282 2407 2407 2562 2562 2617 2617 2622 2622 2627 2627 2632 2632 0 1281 1496 1491 1491 1486 0 0 0 0 0
1456 1456 1441 1441 1436 1436 1426 1426 1431 1471 1501 1506 1521 1526 1536 1541 1561 1566 1576 1581 1591 1596 1606 1611 1661 1666 1681 1686 1701 1706 1721 1726 1751 1756 1771 1776 1861 1866 1886 1891 1921 1926 1972 1977 2012 2017 2147 2152 2277 2282 2402 2407 2557 2562 2742 0 2912 0 0 0 0 0 0 1496 1496 1491 1937 1937 0 0 0 0 0
0 1456 1456 1461 1461 1436 1436 1466 1471 1471 1506 1506 1526 1526 1541 1541 1566 1566 1581 1581 1596 1596 1611 1611 1666 1666 1686 1686 1706 1706 1726 1726 1756 1756 1776 1776 1866 1866 1891 1891 1926 1926 1972 1972 2012 2012 2147 2147 2277 2277 2402 2402 2557 2557 2742 2742 2912 2912 0 0 0 0 0 1496 1942 1937 1937 1947 1947 0 0 0 0
1481 1481 1476 1476 1461 1461 1466 1466 1471 1511 1506 1516 1526 1531 1541 1556 1566 1571 1581 1586 1596 1601 1611 1616 1666 1671 1686 1691 1706 1711 1726 1731 1756 1761 1776 1781 1866 1871 1891 1896 1926 1931 1967 1972 2007 2012 2142 2147 2272 2277 2397 2402 2552 2557 2737 2742 2907 2912 0 0 0 0 0 1952 1942 1942 1947 1947 0 0 0 0 0
0 1481 1481 1476 1476 1551 1466 1546 1511 1511 1516 1516 1531 1531 1556 1556 1571 1571 1586 1586 1601 1601 1616 1616 1671 1671 1691 1691 1711 1711 1731 1731 1761 1761 1781 1781 1871 1871 1896 1896 1931 1931 1967 1967 2007 2007 2142 2142 2272 2272 2397 2397 2552 2552 2737 2737 2907 2907 0 0 0 0 0 1952 1952 1942 1957 1957 0 0 0 0 0
0 0 0 0 1551 1551 1546 1546 1511 1621 1516 1626 1531 1631 1556 1636 1571 1641 1586 1646 1601 1651 1616 1656 1671 1676 1691 1696 1711 1716 1731 1746 1761 1766 1781 1786 1871 1876 1896 1901 1931 1962 1962 1967 2002 2007 2137 2142 2267 2272 2392 2397 2547 2552 2732 2737 2902 2907 0 0 0 0 0 0 1952 1957 1957 0 0 0 0 0 0
0 0 0 0 1551 1741 1546 1736 1621 1621 1626 1626 1631 1631 1636 1636 1641 1641 1646 1646 1651 1651 1656 1656 1676 1676 1696 1696 1716 1716 1746 1746 1766 1766 1786 1786 1876 1876 1901 1901 1962 1962 1982 1982 2002 2002 2137 2137 2267 2267 2392 2392 2547 2547 2732 2732 2902 2902 0 0 0 0 0 0 0 0 0 0 0 0 0 0 0
0 0 0 0 1741 1741 1736 1736 1621 1791 1626 1796 1631 1801 1636 1806 1641 1811 1646 1816 1651 1821 1656 1826 1676 1831 1696 1836 1716 1841 1746 1846 1766 1851 1786 1856 1876 1881 1901 1916 1987 1982 1982 1997 1997 2002 2132 2137 2262 2267 2387 2392 2542 2547 2727 2732 2897 2902 0 0 0 0 0 0 0 0 0 0 0 0 0 0 0
0 0 0 0 1741 1911 1736 1906 1791 1791 1796 1796 1801 1801 1806 1806 1811 1811 1816 1816 1821 1821 1826 1826 1831 1831 1836 1836 1841 1841 1846 1846 1851 1851 1856 1856 1881 1881 1916 1916 1987 1987 1997 1997 2022 2022 2132 2132 2262 2262 2387 2387 2542 2542 2727 2727 2897 2897 0 0 0 0 0 0 0 0 0 0 0 0 0 0 0
0 0 0 0 1911 1911 1906 1906 1791 2027 1796 2032 1801 2037 1806 2042 1811 2047 1816 2052 1821 2057 1826 2062 1831 2067 1836 2072 1841 2077 1846 2082 1851 2087 1856 2092 1881 0 1916 1992 1992 1987 2107 2022 2022 2127 2127 2132 2257 2262 2382 2387 2537 2542 2722 2727 2892 2897 0 0 0 0 0 0 0 0 0 0 0 0 0 0 0
0 0 0 0 1911 0 1906 2097 2097 2027 2027 2032 2032 2037 2037 2042 2042 2047 2047 2052 2052 2057 2057 2062 2062 2067 2067 2072 2072 2077 2077 2082 2082 2087 2087 2092 2092 2117 1992 1992 2112 2112 2107 2107 2127 2127 2157 2157 2257 2257 2382 2382 2537 2537 2722 2722 2892 2892 0 0 0 0 0 0 0 0 0 0 0 0 0 0 0
0 0 0 0 0 0 2097 2097 2102 2102 2027 2162 2032 2167 2037 2172 2042 2177 2047 2182 2052 2187 2057 2192 2062 2197 2067 2202 2072 2207 2077 2212 2082 2217 2087 2222 2092 2117 2117 2112 2112 2122 2122 2107 2247 2157 2157 2252 2252 2257 2377 2382 2532 2537 2717 2722 2887 2892 0 0 0 0 0 0 0 0 0 0 0 0 0 0 0
0 0 0 0 0 0 2297 2102 2102 2227 2227 2162 2162 2167 2167 2172 2172 2177 2177 2182 2182 2187 2187 2192 2192 2197 2197 2202 2202 2207 2207 2212 2212 2217 2217 2222 2222 2232 2117 2237 2122 2122 2242 2242 2247 2247 2252 2252 2302 2302 2377 2377 2532 2532 2717 2717 2887 2887 0 0 0 0 0 0 0 0 0 0 0 0 0 0 0
0 0 0 0 0 0 2297 2297 2227 2227 2287 2287 2162 2307 2167 2312 2172 2317 2177 2322 2182 2327 2187 2332 2192 2337 2197 2342 2202 2347 2207 2352 2212 2357 2217 2362 2222 2232 2232 2237 2237 2242 2242 2292 2292 2247 2367 2302 2302 2372 2372 2377 2527 2532 2712 2717 2882 2887 0 0 0 0 0 0 0 0 0 0 0 0 0 0 0
0 0 0 0 0 0 2442 2297 2417 2287 2287 2412 2412 2307 2307 2312 2312 2317 2317 2322 2322 2327 2327 2332 2332 2337 2337 2342 2342 2347 2347 2352 2352 2357 2357 2362 2362 2422 2232 2427 2237 2432 2292 2292 2437 2437 2367 2367 2372 2372 2447 2447 2527 2527 2712 2712 2882 2882 0 0 0 0 0 0 0 0 0 0 0 0 0 0 0
0 0 0 0 0 0 2442 2442 2417 2417 2412 2412 2452 2452 2307 2462 2312 2467 2317 2472 2322 2477 2327 2482 2332 2487 2337 2492 2342 2497 2347 2502 2352 2507 2357 2512 2362 2422 2422 2427 2427 2432 2432 2437 2437 2457 2457 2367 2517 2447 2447 2522 2522 2527 2707 2712 2877 2882 0 0 0 0 0 0 0 0 0 0 0 0 0 0 0
0 0 0 0 0 0 2607 2442 2577 2417 2572 2452 2452 2567 2567 2462 2462 2467 2467 2472 2472 2477 2477 2482 2482 2487 2487 2492 2492 2497 2497 2502 2502 2507 2507 2512 2512 2582 2422 2587 2427 2592 2432 2597 2457 2457 2602 2602 2517 2517 2522 2522 2612 2612 2707 2707 2877 2877 0 0 0 0 0 0 0 0 0 0 0 0 0 0 0
0 0 0 0 0 0 2607 2607 2577 2577 2572 2572 2567 2567 2637 2637 2462 2647 2467 2652 2472 2657 2477 2662 2482 2667 2487 2672 2492 2677 2497 2682 2502 2687 2507 2692 2512 2582 2582 2587 2587 2592 2592 2597 2597 2602 2602 2642 2642 2517 2697 2612 2612 2702 2702 2707 2872 2877 0 0 0 0 0 0 0 0 0 0 0 0 0 0 0
0 0 0 0 0 0 2807 2607 2762 2577 2757 2572 2752 2637 2637 2747 2747 2647 2647 2652 2652 2657 2657 2662 2662 2667 2667 2672 2672 2677 2677 2682 2682 2687 2687 2692 2692 2767 2582 2772 2587 2777 2592 2782 2597 2787 2642 2642 2792 2792 2697 2697 2702 2702 2812 2812 2872 2872 0 0 0 0 0 0 0 0 0 0 0 0 0 0 0
0 0 0 0 0 0 2807 2807 2762 2762 2757 2757 2752 2752 2747 2747 2797 2797 2647 2817 2652 2822 2657 2827 2662 2832 2667 2837 2672 2842 2677 2847 2682 2852 2687 2857 2692 2767 2767 2772 2772 2777 2777 2782 2782 2787 2787 2792 2792 2802 2802 2697 2862 2812 2812 2867 2867 2872 0 0 0 0 0 0 0 0 0 0 0 0 0 0 0
0 0 0 0 0 0 2987 2807 2937 2762 2932 2757 2927 2752 2922 2797 2797 2917 2917 2817 2817 2822 2822 2827 2827 2832 2832 2837 2837 2842 2842 2847 2847 2852 2852 2857 2857 2942 2767 2947 2772 2952 2777 2957 2782 2962 2787 2967 2802 2802 2972 2972 2862 2862 2867 2867 2992 2992 0 0 0 0 0 0 0 0 0 0 0 0 0 0 0
0 0 0 0 0 0 2987 2987 2937 2937 2932 2932 2927 2927 2922 2922 2917 2917 2977 2977 2817 2997 2822 3002 2827 3007 2832 3012 2837 3017 2842 3022 2847 3027 2852 3032 2857 2942 2942 2947 2947 2952 2952 2957 2957 2962 2962 2967 2967 2972 2972 2982 2982 2862 0 2992 2992 0 0 0 0 0 0 0 0 0 0 0 0 0 0 0 0
0 0 0 0 0 0 0 2987 3062 2937 3057 2932 3052 2927 3047 2922 3042 2977 2977 3037 3037 2997 2997 3002 3002 3007 3007 3012 3012 3017 3017 3022 3022 3027 3027 3032 3032 0 2942 0 2947 0 2952 0 2957 0 2962 0 2967 0 2982 2982 0 0 0 0 0 0 0 0 0 0 0 0 0 0 0 0 0 0 0 0 0
0 0 0 0 0 0 0 0 3062 3062 3057 3057 3052 3052 3047 3047 3042 3042 3037 3037 0 0 2997 0 3002 0 3007 0 3012 0 3017 0 3022 0 3027 0 3032 0 0 0 0 0 0 0 0 0 0 0 0 0 0 0 0 0 0 0 0 0 0 0 0 0 0 0 0 0 0 0 0 0 0 0 0
0 0 0 0 0 0 0 0 0 3062 0 3057 0 3052 0 3047 0 3042 0 0 0 0 0 0 0 0 0 0 0 0 0 0 0 0 0 0 0 0 0 0 0 0 0 0 0 0 0 0 0 0 0 0 0 0 0 0 0 0 0 0 0 0 0 0 0 0 0 0 0 0 0 0 0
0 0 0 0 0 0 0 0 0 0 0 0 0 0 0 0 0 0 0 0 0 0 0 0 0 0 0 0 0 0 0 0 0 0 0 0 0 0 0 0 0 0 0 0 0 0 0 0 0 0 0 0 0 0 0 0 0 0 0 0 0 0 0 0 0 0 0 0 0 0 0 0 0
0 0 0 0 0 0 0 0 0 0 0 0 0 0 0 0 0 0 0 0 0 0 0 0 0 0 0 0 0 0 0 0 0 0 0 0 0 0 0 0 0 0 0 0 0 0 0 0 0 0 0 0 0 0 0 0 0 0 0 0 0 0 0 0 0 0 0 0 0 0 0 0 0
0 0 0 0 0 0 0 0 0 0 0 0 0 0 0 0 0 0 0 0 0 0 0 0 0 0 0 0 0 0 0 0 0 0 0 0 0 0 0 0 0 0 0 0 0 0 0 0 0 0 0 0 0 0 0 0 0 0 0 0 0 0 0 0 0 0 0 0 0 0 0 0 0
0 0 0 0 0 0 0 0 0 0 0 0 0 0 0 0 0 0 0 0 0 0 0 0 0 0 0 0 0 0 0 0 0 0 0 0 0 0 0 0 0 0 0 0 0 0 0 0 0 0 0 0 0 0 0 0 0 0 0 0 0 0 0 0 0 0 0 0 0 0 0 0 0
0 0 0 0 0 0 0 0 0 0 0 0 0 0 0 0 0 0 0 0 0 0 0 0 0 0 0 0 0 0 0 0 0 0 0 0 0 0 0 0 0 0 0 0 0 0 0 0 0 0 0 0 0 0 0 0 0 0 0 0 0 0 0 0 0 0 0 0 0 0 0 0 0
0 0 0 0 0 0 0 0 0 0 0 0 0 0 0 0 0 0 0 0 0 0 0 0 0 0 0 0 0 0 0 0 0 0 0 0 0 0 0 0 0 0 0 0 0 0 0 0 0 0 0 0 0 0 0 0 0 0 0 0 0 0 0 0 0 0 0 0 0 0 0 0 0
0 0 0 0 0 0 0 0 0 0 0 0 0 0 0 0 0 0 0 0 0 0 0 0 0 0 0 0 0 0 0 0 0 0 0 0 0 0 0 0 0 0 0 0 0 0 0 0 0 0 0 0 0 0 0 0 0 0 0 0 0 0 0 0 0 0 0 0 0 0 0 0 0
