800904
Zlaganje

51
55 55
4002 4002 4002 4002 4007 4007 4007 4007 4012 4012 4012 4012 4017 4017 4017 4017 5024 5024 5024 5025 5029 5029 5029 5030 5034 5034 5034 5035 5039 5039 5039 5040 5044 5044 5044 5045 5049 5049 5049 5050 7055 7055 7055 7056 7060 7060 7060 7061 7065 7065 7065 7066 0 0 0
4003 4003 4003 4003 4008 4008 4008 4008 4013 4013 4013 4013 4018 4018 4018 4018 5025 5025 5024 5025 5030 5030 5029 5030 5035 5035 5034 5035 5040 5040 5039 5040 5045 5045 5044 5045 5050 5050 5049 5050 7056 7055 7056 7056 7061 7060 7061 7061 7066 7065 7066 7066 0 0 0
4002 4002 4002 4002 4007 4007 4007 4007 4012 4012 4012 4012 4017 4017 4017 4017 5025 5024 5025 5025 5030 5029 5030 5030 5035 5034 5035 5035 5040 5039 5040 5040 5045 5044 5045 5045 5050 5049 5050 5050 7056 7056 7055 7056 7061 7061 7060 7061 7066 7066 7065 7066 0 0 0
4003 4003 4003 4003 4008 4008 4008 4008 4013 4013 4013 4013 4018 4018 4018 4018 5025 5024 5024 5024 5030 5029 5029 5029 5035 5034 5034 5034 5040 5039 5039 5039 5045 5044 5044 5044 5050 5049 5049 5049 7056 7055 7055 7055 7061 7060 7060 7060 7066 7065 7065 7065 0 0 0
7070 7070 7070 7071 7075 7075 7075 7076 7080 7080 7080 7081 7085 7085 7085 7086 7090 7090 7090 7091 7095 7095 7095 7096 7100 7100 7100 7101 7105 7105 7105 7106 7110 7110 7110 7111 7115 7115 7115 7116 7120 7120 7120 7121 7125 7125 7125 7126 7130 7130 7130 7131 0 0 0
7071 7070 7071 7071 7076 7075 7076 7076 7081 7080 7081 7081 7086 7085 7086 7086 7091 7090 7091 7091 7096 7095 7096 7096 7101 7100 7101 7101 7106 7105 7106 7106 7111 7110 7111 7111 7116 7115 7116 7116 7121 7120 7121 7121 7126 7125 7126 7126 7131 7130 7131 7131 0 0 0
7071 7071 7070 7071 7076 7076 7075 7076 7081 7081 7080 7081 7086 7086 7085 7086 7091 7091 7090 7091 7096 7096 7095 7096 7101 7101 7100 7101 7106 7106 7105 7106 7111 7111 7110 7111 7116 7116 7115 7116 7121 7121 7120 7121 7126 7126 7125 7126 7131 7131 7130 7131 0 0 0
7071 7070 7070 7070 7076 7075 7075 7075 7081 7080 7080 7080 7086 7085 7085 7085 7091 7090 7090 7090 7096 7095 7095 7095 7101 7100 7100 7100 7106 7105 7105 7105 7111 7110 7110 7110 7116 7115 7115 7115 7121 7120 7120 7120 7126 7125 7125 7125 7131 7130 7130 7130 0 0 0
7135 7135 7135 7136 7140 7140 7140 7141 7145 7145 7145 7146 7150 7150 7150 7151 7155 7155 7155 7156 7160 7160 7160 7161 7165 7165 7165 7166 7170 7170 7170 7171 7175 7175 7175 7176 7180 7180 7180 7181 7185 7185 7185 7186 7190 7190 7190 7191 7195 7195 7195 7196 0 0 0
7136 7135 7136 7136 7141 7140 7141 7141 7146 7145 7146 7146 7151 7150 7151 7151 7156 7155 7156 7156 7161 7160 7161 7161 7166 7165 7166 7166 7171 7170 7171 7171 7176 7175 7176 7176 7181 7180 7181 7181 7186 7185 7186 7186 7191 7190 7191 7191 7196 7195 7196 7196 0 0 0
7136 7136 7135 7136 7141 7141 7140 7141 7146 7146 7145 7146 7151 7151 7150 7151 7156 7156 7155 7156 7161 7161 7160 7161 7166 7166 7165 7166 7171 7171 7170 7171 7176 7176 7175 7176 7181 7181 7180 7181 7186 7186 7185 7186 7191 7191 7190 7191 7196 7196 7195 7196 0 0 0
7136 7135 7135 7135 7141 7140 7140 7140 7146 7145 7145 7145 7151 7150 7150 7150 7156 7155 7155 7155 7161 7160 7160 7160 7166 7165 7165 7165 7171 7170 7170 7170 7176 7175 7175 7175 7181 7180 7180 7180 7186 7185 7185 7185 7191 7190 7190 7190 7196 7195 7195 7195 0 0 0
7200 7200 7200 7201 7205 7205 7205 7206 7210 7210 7210 7211 7215 7215 7215 7216 7220 7220 7220 7221 7225 7225 7225 7226 7230 7230 7230 7231 7235 7235 7235 7236 7240 7240 7240 7241 7245 7245 7245 7246 7250 7250 7250 7251 7255 7255 7255 7256 7260 7260 7260 7261 0 0 0
7201 7200 7201 7201 7206 7205 7206 7206 7211 7210 7211 7211 7216 7215 7216 7216 7221 7220 7221 7221 7226 7225 7226 7226 7231 7230 7231 7231 7236 7235 7236 7236 7241 7240 7241 7241 7246 7245 7246 7246 7251 7250 7251 7251 7256 7255 7256 7256 7261 7260 7261 7261 0 0 0
7201 7201 7200 7201 7206 7206 7205 7206 7211 7211 7210 7211 7216 7216 7215 7216 7221 7221 7220 7221 7226 7226 7225 7226 7231 7231 7230 7231 7236 7236 7235 7236 7241 7241 7240 7241 7246 7246 7245 7246 7251 7251 7250 7251 7256 7256 7255 7256 7261 7261 7260 7261 0 0 0
7201 7200 7200 7200 7206 7205 7205 7205 7211 7210 7210 7210 7216 7215 7215 7215 7221 7220 7220 7220 7226 7225 7225 7225 7231 7230 7230 7230 7236 7235 7235 7235 7241 7240 7240 7240 7246 7245 7245 7245 7251 7250 7250 7250 7256 7255 7255 7255 7261 7260 7260 7260 0 0 0
7265 7265 7265 7266 7270 7270 7270 7271 7275 7275 7275 7276 7280 7280 7280 7281 7285 7285 7285 7286 7290 7290 7290 7291 7295 7295 7295 7296 7300 7300 7300 7301 7305 7305 7305 7306 7310 7310 7310 7311 7315 7315 7315 7316 7320 7320 7320 7321 7325 7325 7325 7326 0 0 0
7266 7265 7266 7266 7271 7270 7271 7271 7276 7275 7276 7276 7281 7280 7281 7281 7286 7285 7286 7286 7291 7290 7291 7291 7296 7295 7296 7296 7301 7300 7301 7301 7306 7305 7306 7306 7311 7310 7311 7311 7316 7315 7316 7316 7321 7320 7321 7321 7326 7325 7326 7326 0 0 0
7266 7266 7265 7266 7271 7271 7270 7271 7276 7276 7275 7276 7281 7281 7280 7281 7286 7286 7285 7286 7291 7291 7290 7291 7296 7296 7295 7296 7301 7301 7300 7301 7306 7306 7305 7306 7311 7311 7310 7311 7316 7316 7315 7316 7321 7321 7320 7321 7326 7326 7325 7326 0 0 0
7266 7265 7265 7265 7271 7270 7270 7270 7276 7275 7275 7275 7281 7280 7280 7280 7286 7285 7285 7285 7291 7290 7290 7290 7296 7295 7295 7295 7301 7300 7300 7300 7306 7305 7305 7305 7311 7310 7310 7310 7316 7315 7315 7315 7321 7320 7320 7320 7326 7325 7325 7325 0 0 0
7330 7330 7330 7331 7335 7335 7335 7336 7340 7340 7340 7341 7345 7345 7345 7346 8351 8351 8352 8352 8356 8356 8357 8357 8361 8361 8362 8362 8366 8366 8367 8367 8371 8371 8372 8372 376 376 376 376 381 381 381 381 386 386 386 386 391 391 391 391 0 0 0
7331 7330 7331 7331 7336 7335 7336 7336 7341 7340 7341 7341 7346 7345 7346 7346 8351 8351 8352 8352 8356 8356 8357 8357 8361 8361 8362 8362 8366 8366 8367 8367 8371 8371 8372 8372 396 396 396 396 412 412 417 417 422 422 427 427 433 433 433 438 0 0 0
7331 7331 7330 7331 7336 7336 7335 7336 7341 7341 7340 7341 7346 7346 7345 7346 8352 8352 8351 8351 8357 8357 8356 8356 8362 8362 8361 8361 8367 8367 8366 8366 8372 8372 8371 8371 402 402 407 407 412 412 417 417 422 422 427 427 433 438 438 438 0 0 0
7331 7330 7330 7330 7336 7335 7335 7335 7341 7340 7340 7340 7346 7345 7345 7345 8352 8352 8351 8351 8357 8357 8356 8356 8362 8362 8361 8361 8367 8367 8366 8366 8372 8372 8371 8371 402 402 407 407 444 444 444 449 454 454 470 475 480 480 480 0 0 0 0
0 571 571 566 566 561 561 556 556 551 551 546 546 541 541 536 536 531 531 526 526 521 521 516 516 511 511 506 506 501 501 496 496 491 491 485 485 485 464 459 459 459 444 449 454 470 470 475 475 480 601 0 0 0 0
606 606 571 571 566 566 561 561 556 556 551 551 546 546 541 541 536 536 531 531 526 526 521 521 516 516 511 511 506 506 501 501 496 496 491 491 485 576 464 464 464 459 449 449 454 581 470 475 596 601 601 0 0 0 0
0 606 606 611 616 616 621 621 626 626 631 631 636 636 641 641 646 646 651 651 656 656 661 661 666 666 671 671 676 676 681 681 686 686 0 0 576 576 586 701 701 706 706 0 581 581 591 596 596 601 931 0 0 0 0
0 901 611 611 691 616 616 621 621 626 626 631 631 636 636 641 641 646 646 651 651 656 656 661 661 666 666 671 671 676 676 681 681 686 686 0 576 586 586 711 701 701 706 706 581 591 591 596 936 931 931 0 0 0 0
901 901 611 691 691 696 0 786 786 781 781 776 776 771 771 766 766 761 761 756 756 751 751 746 746 741 741 736 736 731 731 726 726 721 721 716 716 586 711 711 791 801 801 796 796 591 0 936 936 931 0 0 0 0 0
901 896 896 691 696 696 886 886 786 786 781 781 776 776 771 771 766 766 761 761 756 756 751 751 746 746 741 741 736 736 731 731 726 726 721 721 716 716 711 791 791 806 801 801 796 796 0 936 1046 1046 0 0 0 0 0
911 911 896 896 696 891 891 886 886 881 881 876 876 871 871 866 866 861 861 856 856 851 851 846 846 841 841 836 836 831 831 826 826 821 821 816 816 811 811 791 806 806 916 1031 1031 1036 1036 1041 1041 1046 1046 0 0 0 0
0 911 911 926 921 921 891 891 906 906 881 881 876 876 871 871 866 866 861 861 856 856 851 851 846 846 841 841 836 836 831 831 826 826 821 821 816 816 811 811 806 916 916 1026 1031 1031 1036 1036 1041 1041 0 0 0 0 0
0 1086 926 926 941 921 921 946 946 906 906 951 0 1021 1021 1016 1016 1011 1011 1006 1006 1001 1001 996 996 991 991 986 986 981 981 976 976 971 971 966 966 961 961 956 956 916 1026 1026 1051 1181 1181 1186 1186 1211 1211 0 0 0 0
1086 1086 926 941 941 1056 1061 1061 946 946 951 951 1071 1071 1021 1021 1016 1016 1011 1011 1006 1006 1001 1001 996 996 991 991 986 986 981 981 976 976 971 971 966 966 961 961 956 956 1026 1051 1051 1176 1181 1181 1186 1186 1211 1211 0 0 0
1086 1081 1081 941 1056 1056 1066 1061 1061 1091 951 1076 1076 1071 1071 1096 0 1166 1166 1161 1161 1156 1156 1151 1151 1141 1141 1136 1136 1131 1131 1126 1126 1121 1121 1116 1116 1111 1111 1106 1106 1101 1101 1051 1176 1176 1216 1316 1316 1321 1321 0 0 0 0
1196 1196 1081 1081 1056 1066 1066 1146 1091 1091 1171 1171 1076 1076 1096 1096 1221 1221 1166 1166 1161 1161 1156 1156 1151 1151 1141 1141 1136 1136 1131 1131 1126 1126 1121 1121 1116 1116 1111 1111 1106 1106 1101 1101 1176 1216 1216 1311 1316 1316 1321 1321 0 0 0
0 1196 1196 1191 1191 1066 1146 1146 1091 1201 1201 1171 1171 1206 1096 1226 1226 1221 1221 1231 0 1291 1291 1286 1286 1281 1281 1276 1276 1271 1271 1266 1266 1261 1261 1256 1256 1251 1251 1246 1246 1241 1241 1236 1236 1216 1311 1311 1326 1481 1481 0 0 0 0
1336 1336 1331 1331 1191 1191 1146 1346 1341 1341 1201 1201 1206 1206 1296 1296 1226 1226 1231 1231 1361 1361 1291 1291 1286 1286 1281 1281 1276 1276 1271 1271 1266 1266 1261 1261 1256 1256 1251 1251 1246 1246 1241 1241 1236 1236 1311 1326 1326 1476 1481 1481 0 0 0
0 1336 1336 1331 1331 1351 1346 1346 1356 1341 1341 1371 1206 1301 1301 1296 1296 1306 1231 1366 1366 1361 1361 1376 0 1441 1441 1436 1436 1426 1426 1421 1421 1416 1416 1411 1411 1406 1406 1401 1401 1396 1396 1391 1391 1381 1381 1326 1476 1476 1486 0 0 0 0
0 0 1641 0 1351 1351 1346 1356 1356 1386 1371 1371 1446 1446 1301 1301 1306 1306 1451 1451 1366 1366 1376 1376 1491 1491 1441 1441 1436 1436 1426 1426 1421 1421 1416 1416 1411 1411 1406 1406 1401 1401 1396 1396 1391 1391 1381 1381 1476 1486 1486 0 0 0 0
0 1641 1641 1626 1351 1431 1431 1356 1386 1386 1371 1456 1456 1446 1446 1461 1306 1466 1466 1451 1451 1471 1376 1496 1496 1491 1491 1501 0 1551 1551 1546 1546 1541 1541 1536 1536 1531 1531 1526 1526 1521 1521 1516 1516 1511 1511 1506 1506 1486 0 0 0 0 0
0 1641 1626 1626 1586 1586 1431 1431 1386 1596 1591 1591 1456 1456 1461 1461 1556 1556 1466 1466 1471 1471 1561 1561 1496 1496 1501 1501 1611 1611 1551 1551 1546 1546 1541 1541 1536 1536 1531 1531 1526 1526 1521 1521 1516 1516 1511 1511 1506 1506 0 0 0 0 0
0 1671 1626 1621 1621 1586 1586 1601 1596 1596 1606 1591 1591 1646 1461 1566 1566 1556 1556 1571 1471 1576 1576 1561 1561 1581 1501 1616 1616 1611 1611 1661 1676 1676 1681 1681 1686 1686 1696 1696 1701 1701 1706 1706 1711 1711 1716 1716 1721 1721 0 0 0 0 0
1671 1671 1666 1666 1621 1621 1601 1601 1596 1606 1606 1651 1646 1646 1656 1656 1566 1566 1571 1571 1631 1631 1576 1576 1581 1581 1636 1636 1616 1616 1661 1661 1726 1676 1676 1681 1681 1686 1686 1696 1696 1701 1701 1706 1706 1711 1711 1716 1716 1721 1721 0 0 0 0
1671 1731 1731 1666 1666 1736 1601 1691 1691 1606 1651 1651 1646 1741 1741 1656 1656 1746 1571 1751 1751 1631 1631 1756 1581 1761 1761 1636 1636 1766 1661 1726 1726 1791 1811 1811 1816 1816 1821 1821 1826 1826 1831 1831 1836 1836 1841 1841 1846 1846 0 0 0 0 0
1796 1796 1731 1731 1736 1736 1771 1771 1691 1691 1651 1806 1801 1801 1741 1741 1746 1746 1776 1776 1751 1751 1756 1756 1781 1781 1761 1761 1766 1766 1786 1726 1791 1791 1851 1811 1811 1816 1816 1821 1821 1826 1826 1831 1831 1836 1836 1841 1841 1846 1846 0 0 0 0
1922 1796 1796 1911 1736 1856 1856 1771 1771 1861 1806 1806 1866 1801 1801 1972 1746 1871 1871 1776 1776 1876 1756 1881 1881 1781 1781 1886 1766 1786 1786 1891 1791 1851 1851 1927 1927 1932 1932 1937 1937 1942 1942 1947 1947 1952 1952 1957 1957 1962 1962 0 0 0 0
1922 1922 1911 1911 1917 1917 1856 1856 1861 1861 1806 1866 1866 1967 1967 1972 1972 1977 1871 1871 1876 1876 1896 1896 1881 1881 1886 1886 1901 1786 1891 1891 1906 1851 1927 1927 1932 1932 1937 1937 1942 1942 1947 1947 1952 1952 1957 1957 1962 1962 0 0 0 0 0
0 1922 1911 1917 1917 0 0 0 1861 1982 1982 1866 1967 1967 1987 1987 1972 1977 1977 1992 1876 0 0 1896 1896 1997 1886 1901 1901 2002 1891 1906 1906 2007 2007 2012 2012 2017 2017 2022 2022 2027 2027 2032 2032 2037 2037 2042 2042 0 0 0 0 0 0
0 0 0 0 0 0 0 0 1982 1982 0 0 0 1987 1987 0 0 0 1977 1992 1992 0 0 0 0 1997 1997 1901 0 2002 2002 1906 2007 2007 2012 2012 2017 2017 2022 2022 2027 2027 2032 2032 2037 2037 2042 2042 0 0 0 0 0 0 0
0 0 0 0 0 0 0 0 0 0 0 0 0 0 0 0 0 0 0 0 1992 0 0 0 0 0 1997 0 0 0 2002 0 0 0 0 0 0 0 0 0 0 0 0 0 0 0 0 0 0 0 0 0 0 0 0
0 0 0 0 0 0 0 0 0 0 0 0 0 0 0 0 0 0 0 0 0 0 0 0 0 0 0 0 0 0 0 0 0 0 0 0 0 0 0 0 0 0 0 0 0 0 0 0 0 0 0 0 0 0 0
0 0 0 0 0 0 0 0 0 0 0 0 0 0 0 0 0 0 0 0 0 0 0 0 0 0 0 0 0 0 0 0 0 0 0 0 0 0 0 0 0 0 0 0 0 0 0 0 0 0 0 0 0 0 0
0 0 0 0 0 0 0 0 0 0 0 0 0 0 0 0 0 0 0 0 0 0 0 0 0 0 0 0 0 0 0 0 0 0 0 0 0 0 0 0 0 0 0 0 0 0 0 0 0 0 0 0 0 0 0
0 0 0 0 0 0 0 0 0 0 0 0 0 0 0 0 0 0 0 0 0 0 0 0 0 0 0 0 0 0 0 0 0 0 0 0 0 0 0 0 0 0 0 0 0 0 0 0 0 0 0 0 0 0 0
