800904
Zlaganje

52
59 59
4002 4002 4002 4002 4007 4007 4007 4007 4012 4012 4012 4012 4017 4017 4017 4017 4022 4022 4022 4022 4027 4027 4027 4027 4032 4032 4032 4032 4037 4037 4037 4037 4042 4042 4042 4042 4047 4047 4047 4047 4052 4052 4052 4052 4057 4057 4057 4057 4062 4062 4062 4062 4067 4067 4067 4067 0 0 0
4003 4003 4003 4003 4008 4008 4008 4008 4013 4013 4013 4013 4018 4018 4018 4018 4023 4023 4023 4023 4028 4028 4028 4028 4033 4033 4033 4033 4038 4038 4038 4038 4043 4043 4043 4043 4048 4048 4048 4048 4053 4053 4053 4053 4058 4058 4058 4058 4063 4063 4063 4063 4068 4068 4068 4068 0 0 0
4002 4002 4002 4002 4007 4007 4007 4007 4012 4012 4012 4012 4017 4017 4017 4017 4022 4022 4022 4022 4027 4027 4027 4027 4032 4032 4032 4032 4037 4037 4037 4037 4042 4042 4042 4042 4047 4047 4047 4047 4052 4052 4052 4052 4057 4057 4057 4057 4062 4062 4062 4062 4067 4067 4067 4067 0 0 0
4003 4003 4003 4003 4008 4008 4008 4008 4013 4013 4013 4013 4018 4018 4018 4018 4023 4023 4023 4023 4028 4028 4028 4028 4033 4033 4033 4033 4038 4038 4038 4038 4043 4043 4043 4043 4048 4048 4048 4048 4053 4053 4053 4053 4058 4058 4058 4058 4063 4063 4063 4063 4068 4068 4068 4068 0 0 0
4072 4072 4072 4072 4077 4077 4077 4077 4082 4082 4082 4082 4087 4087 4087 4087 4092 4092 4092 4092 4097 4097 4097 4097 4102 4102 4102 4102 4107 4107 4107 4107 4112 4112 4112 4112 4117 4117 4117 4117 4122 4122 4122 4122 4127 4127 4127 4127 4132 4132 4132 4132 4137 4137 4137 4137 0 0 0
4073 4073 4073 4073 4078 4078 4078 4078 4083 4083 4083 4083 4088 4088 4088 4088 4093 4093 4093 4093 4098 4098 4098 4098 4103 4103 4103 4103 4108 4108 4108 4108 4113 4113 4113 4113 4118 4118 4118 4118 4123 4123 4123 4123 4128 4128 4128 4128 4133 4133 4133 4133 4138 4138 4138 4138 0 0 0
4072 4072 4072 4072 4077 4077 4077 4077 4082 4082 4082 4082 4087 4087 4087 4087 4092 4092 4092 4092 4097 4097 4097 4097 4102 4102 4102 4102 4107 4107 4107 4107 4112 4112 4112 4112 4117 4117 4117 4117 4122 4122 4122 4122 4127 4127 4127 4127 4132 4132 4132 4132 4137 4137 4137 4137 0 0 0
4073 4073 4073 4073 4078 4078 4078 4078 4083 4083 4083 4083 4088 4088 4088 4088 4093 4093 4093 4093 4098 4098 4098 4098 4103 4103 4103 4103 4108 4108 4108 4108 4113 4113 4113 4113 4118 4118 4118 4118 4123 4123 4123 4123 4128 4128 4128 4128 4133 4133 4133 4133 4138 4138 4138 4138 0 0 0
4142 4142 4142 4142 4147 4147 4147 4147 4152 4152 4152 4152 4157 4157 4157 4157 4162 4162 4162 4162 4167 4167 4167 4167 4172 4172 4172 4172 4177 4177 4177 4177 4182 4182 4182 4182 4187 4187 4187 4187 4192 4192 4192 4192 4197 4197 4197 4197 4202 4202 4202 4202 4207 4207 4207 4207 0 0 0
4143 4143 4143 4143 4148 4148 4148 4148 4153 4153 4153 4153 4158 4158 4158 4158 4163 4163 4163 4163 4168 4168 4168 4168 4173 4173 4173 4173 4178 4178 4178 4178 4183 4183 4183 4183 4188 4188 4188 4188 4193 4193 4193 4193 4198 4198 4198 4198 4203 4203 4203 4203 4208 4208 4208 4208 0 0 0
4142 4142 4142 4142 4147 4147 4147 4147 4152 4152 4152 4152 4157 4157 4157 4157 4162 4162 4162 4162 4167 4167 4167 4167 4172 4172 4172 4172 4177 4177 4177 4177 4182 4182 4182 4182 4187 4187 4187 4187 4192 4192 4192 4192 4197 4197 4197 4197 4202 4202 4202 4202 4207 4207 4207 4207 0 0 0
4143 4143 4143 4143 4148 4148 4148 4148 4153 4153 4153 4153 4158 4158 4158 4158 4163 4163 4163 4163 4168 4168 4168 4168 4173 4173 4173 4173 4178 4178 4178 4178 4183 4183 4183 4183 4188 4188 4188 4188 4193 4193 4193 4193 4198 4198 4198 4198 4203 4203 4203 4203 4208 4208 4208 4208 0 0 0
4212 4212 4212 4212 4217 4217 4217 4217 4222 4222 4222 4222 4227 4227 4227 4227 4232 4232 4232 4232 4237 4237 4237 4237 4242 4242 4242 4242 4247 4247 4247 4247 4252 4252 4252 4252 4257 4257 4257 4257 4262 4262 4262 4262 4267 4267 4267 4267 4272 4272 4272 4272 4277 4277 4277 4277 0 0 0
4213 4213 4213 4213 4218 4218 4218 4218 4223 4223 4223 4223 4228 4228 4228 4228 4233 4233 4233 4233 4238 4238 4238 4238 4243 4243 4243 4243 4248 4248 4248 4248 4253 4253 4253 4253 4258 4258 4258 4258 4263 4263 4263 4263 4268 4268 4268 4268 4273 4273 4273 4273 4278 4278 4278 4278 0 0 0
4212 4212 4212 4212 4217 4217 4217 4217 4222 4222 4222 4222 4227 4227 4227 4227 4232 4232 4232 4232 4237 4237 4237 4237 4242 4242 4242 4242 4247 4247 4247 4247 4252 4252 4252 4252 4257 4257 4257 4257 4262 4262 4262 4262 4267 4267 4267 4267 4272 4272 4272 4272 4277 4277 4277 4277 0 0 0
4213 4213 4213 4213 4218 4218 4218 4218 4223 4223 4223 4223 4228 4228 4228 4228 4233 4233 4233 4233 4238 4238 4238 4238 4243 4243 4243 4243 4248 4248 4248 4248 4253 4253 4253 4253 4258 4258 4258 4258 4263 4263 4263 4263 4268 4268 4268 4268 4273 4273 4273 4273 4278 4278 4278 4278 0 0 0
4282 4282 4282 4282 4287 4287 4287 4287 4292 4292 4292 4292 5299 5299 5299 5300 5304 5304 5304 5305 5309 5309 5309 5310 5314 5314 5314 5315 7320 7320 7320 7321 7325 7325 7325 7326 7330 7330 7330 7331 7335 7335 7335 7336 7340 7340 7340 7341 7345 7345 7345 7346 7350 7350 7350 7351 0 0 0
4283 4283 4283 4283 4288 4288 4288 4288 4293 4293 4293 4293 5300 5300 5299 5300 5305 5305 5304 5305 5310 5310 5309 5310 5315 5315 5314 5315 7321 7320 7321 7321 7326 7325 7326 7326 7331 7330 7331 7331 7336 7335 7336 7336 7341 7340 7341 7341 7346 7345 7346 7346 7351 7350 7351 7351 0 0 0
4282 4282 4282 4282 4287 4287 4287 4287 4292 4292 4292 4292 5300 5299 5300 5300 5305 5304 5305 5305 5310 5309 5310 5310 5315 5314 5315 5315 7321 7321 7320 7321 7326 7326 7325 7326 7331 7331 7330 7331 7336 7336 7335 7336 7341 7341 7340 7341 7346 7346 7345 7346 7351 7351 7350 7351 0 0 0
4283 4283 4283 4283 4288 4288 4288 4288 4293 4293 4293 4293 5300 5299 5299 5299 5305 5304 5304 5304 5310 5309 5309 5309 5315 5314 5314 5314 7321 7320 7320 7320 7326 7325 7325 7325 7331 7330 7330 7330 7336 7335 7335 7335 7341 7340 7340 7340 7346 7345 7345 7345 7351 7350 7350 7350 0 0 0
7355 7355 7355 7356 7360 7360 7360 7361 7365 7365 7365 7366 7370 7370 7370 7371 7375 7375 7375 7376 7380 7380 7380 7381 7385 7385 7385 7386 7390 7390 7390 7391 7395 7395 7395 7396 7400 7400 7400 7401 7405 7405 7405 7406 7410 7410 7410 7411 7415 7415 7415 7416 7420 7420 7420 7421 0 0 0
7356 7355 7356 7356 7361 7360 7361 7361 7366 7365 7366 7366 7371 7370 7371 7371 7376 7375 7376 7376 7381 7380 7381 7381 7386 7385 7386 7386 7391 7390 7391 7391 7396 7395 7396 7396 7401 7400 7401 7401 7406 7405 7406 7406 7411 7410 7411 7411 7416 7415 7416 7416 7421 7420 7421 7421 0 0 0
7356 7356 7355 7356 7361 7361 7360 7361 7366 7366 7365 7366 7371 7371 7370 7371 7376 7376 7375 7376 7381 7381 7380 7381 7386 7386 7385 7386 7391 7391 7390 7391 7396 7396 7395 7396 7401 7401 7400 7401 7406 7406 7405 7406 7411 7411 7410 7411 7416 7416 7415 7416 7421 7421 7420 7421 0 0 0
7356 7355 7355 7355 7361 7360 7360 7360 7366 7365 7365 7365 7371 7370 7370 7370 7376 7375 7375 7375 7381 7380 7380 7380 7386 7385 7385 7385 7391 7390 7390 7390 7396 7395 7395 7395 7401 7400 7400 7400 7406 7405 7405 7405 7411 7410 7410 7410 7416 7415 7415 7415 7421 7420 7420 7420 0 0 0
7425 7425 7425 7426 7430 7430 7430 7431 7435 7435 7435 7436 7440 7440 7440 7441 7445 7445 7445 7446 7450 7450 7450 7451 7455 7455 7455 7456 7460 7460 7460 7461 7465 7465 7465 7466 7470 7470 7470 7471 7475 7475 7475 7476 7480 7480 7480 7481 7485 7485 7485 7486 7490 7490 7490 7491 0 0 0
7426 7425 7426 7426 7431 7430 7431 7431 7436 7435 7436 7436 7441 7440 7441 7441 7446 7445 7446 7446 7451 7450 7451 7451 7456 7455 7456 7456 7461 7460 7461 7461 7466 7465 7466 7466 7471 7470 7471 7471 7476 7475 7476 7476 7481 7480 7481 7481 7486 7485 7486 7486 7491 7490 7491 7491 0 0 0
7426 7426 7425 7426 7431 7431 7430 7431 7436 7436 7435 7436 7441 7441 7440 7441 7446 7446 7445 7446 7451 7451 7450 7451 7456 7456 7455 7456 7461 7461 7460 7461 7466 7466 7465 7466 7471 7471 7470 7471 7476 7476 7475 7476 7481 7481 7480 7481 7486 7486 7485 7486 7491 7491 7490 7491 0 0 0
7426 7425 7425 7425 7431 7430 7430 7430 7436 7435 7435 7435 7441 7440 7440 7440 7446 7445 7445 7445 7451 7450 7450 7450 7456 7455 7455 7455 7461 7460 7460 7460 7466 7465 7465 7465 7471 7470 7470 7470 7476 7475 7475 7475 7481 7480 7480 7480 7486 7485 7485 7485 7491 7490 7490 7490 0 0 0
7495 7495 7495 7496 7500 7500 7500 7501 7505 7505 7505 7506 7510 7510 7510 7511 7515 7515 7515 7516 7520 7520 7520 7521 7525 7525 7525 7526 7530 7530 7530 7531 7535 7535 7535 7536 7540 7540 7540 7541 7545 7545 7545 7546 7550 7550 7550 7551 7555 7555 7555 7556 7560 7560 7560 7561 0 0 0
7496 7495 7496 7496 7501 7500 7501 7501 7506 7505 7506 7506 7511 7510 7511 7511 7516 7515 7516 7516 7521 7520 7521 7521 7526 7525 7526 7526 7531 7530 7531 7531 7536 7535 7536 7536 7541 7540 7541 7541 7546 7545 7546 7546 7551 7550 7551 7551 7556 7555 7556 7556 7561 7560 7561 7561 0 0 0
7496 7496 7495 7496 7501 7501 7500 7501 7506 7506 7505 7506 7511 7511 7510 7511 7516 7516 7515 7516 7521 7521 7520 7521 7526 7526 7525 7526 7531 7531 7530 7531 7536 7536 7535 7536 7541 7541 7540 7541 7546 7546 7545 7546 7551 7551 7550 7551 7556 7556 7555 7556 7561 7561 7560 7561 0 0 0
7496 7495 7495 7495 7501 7500 7500 7500 7506 7505 7505 7505 7511 7510 7510 7510 7516 7515 7515 7515 7521 7520 7520 7520 7526 7525 7525 7525 7531 7530 7530 7530 7536 7535 7535 7535 7541 7540 7540 7540 7546 7545 7545 7545 7551 7550 7550 7550 7556 7555 7555 7555 7561 7560 7560 7560 0 0 0
7565 7565 7565 7566 7570 7570 7570 7571 7575 7575 7575 7576 7580 7580 7580 7581 7585 7585 7585 7586 7590 7590 7590 7591 7595 7595 7595 7596 7600 7600 7600 7601 606 606 606 606 611 611 611 611 616 616 616 616 621 621 621 621 626 626 626 626 631 631 631 631 0 0 0
7566 7565 7566 7566 7571 7570 7571 7571 7576 7575 7576 7576 7581 7580 7581 7581 7586 7585 7586 7586 7591 7590 7591 7591 7596 7595 7596 7596 7601 7600 7601 7601 636 636 636 636 644 644 644 649 654 654 669 669 669 680 680 680 690 700 705 705 705 710 0 0 0 0 0
7566 7566 7565 7566 7571 7571 7570 7571 7576 7576 7575 7576 7581 7581 7580 7581 7586 7586 7585 7586 7591 7591 7590 7591 7596 7596 7595 7596 7601 7601 7600 7601 664 664 664 659 659 659 644 649 654 674 674 674 669 685 680 690 690 700 700 705 710 710 0 0 0 0 0
7566 7565 7565 7565 7571 7570 7570 7570 7576 7575 7575 7575 7581 7580 7580 7580 7586 7585 7585 7585 7591 7590 7590 7590 7596 7595 7595 7595 7601 7600 7600 7600 716 716 664 721 721 659 649 649 654 726 726 674 685 685 685 695 690 700 737 737 742 710 0 0 0 0 0
0 842 842 837 837 832 832 827 827 822 822 817 817 812 812 807 807 802 802 797 797 792 792 787 787 782 782 777 777 772 772 767 767 716 716 752 721 721 757 757 762 762 726 726 731 731 695 695 695 737 737 747 742 742 0 0 0 0 0
842 842 837 837 832 832 827 827 822 822 817 817 812 812 807 807 802 802 797 797 792 792 787 787 782 782 777 777 772 772 767 767 847 847 852 752 752 757 757 762 762 0 892 892 887 731 731 872 872 877 877 747 747 742 902 902 0 0 0
0 977 977 972 972 967 967 962 962 957 957 952 952 947 947 942 942 937 937 932 932 927 927 922 922 917 917 912 912 907 907 847 847 857 852 852 752 862 862 867 867 892 892 897 887 887 872 872 877 877 882 882 747 902 902 0 0 0 0
977 977 972 972 967 967 962 962 957 957 952 952 947 947 942 942 937 937 932 932 927 927 922 922 917 917 912 912 907 907 987 987 992 857 857 852 862 862 867 867 1012 1012 1017 897 897 887 982 982 1027 882 882 1032 1032 1037 1037 0 0 0 0
0 1112 1112 1107 1107 1102 1102 1097 1097 1092 1092 1087 1087 1082 1082 1077 1077 1072 1072 1067 1067 1062 1062 1057 1057 1052 1052 1047 1047 987 987 997 992 992 857 1002 1002 1007 1007 1012 1012 1022 1017 1017 897 982 982 1042 1027 1027 1032 1032 1037 1037 0 0 0 0 0
1112 1112 1107 1107 1102 1102 1097 1097 1092 1092 1087 1087 1082 1082 1077 1077 1072 1072 1067 1067 1062 1062 1057 1057 1052 1052 1047 1047 1142 1142 1147 997 997 992 1002 1002 1007 1007 1167 1167 1172 1022 1022 1017 1117 1117 1122 1042 1042 1027 1127 1127 1132 1132 1182 1182 0 0 0
0 1247 1247 1242 1242 1237 1237 1232 1232 1227 1227 1222 1222 1217 1217 1212 1212 1207 1207 1202 1202 1197 1197 1192 1192 1187 1187 1142 1142 1152 1147 1147 997 1157 1157 1162 1162 1167 1167 1177 1172 1172 1022 1117 1117 1137 1122 1122 1042 1127 1127 1132 1132 1182 1182 0 0 0 0
1247 1247 1242 1242 1237 1237 1232 1232 1227 1227 1222 1222 1217 1217 1212 1212 1207 1207 1202 1202 1197 1197 1192 1192 1187 1187 1282 1282 1287 1152 1152 1147 1157 1157 1162 1162 1307 1307 1312 1177 1177 1172 1252 1252 1257 1137 1137 1122 1262 1262 1267 1267 1272 1272 1322 1322 0 0 0
0 0 1432 1432 1427 1427 1422 1422 1417 1417 1412 1412 1407 1407 1402 1402 1397 1397 1392 1392 1387 1387 1382 1382 1362 1282 1282 1292 1287 1287 1152 1297 1297 1302 1302 1307 1307 1317 1312 1312 1177 1252 1252 1277 1257 1257 1137 1262 1262 1267 1267 1272 1272 1322 1322 0 0 0 0
0 1432 1432 1427 1427 1422 1422 1417 1417 1412 1412 1407 1407 1402 1402 1397 1397 1392 1392 1387 1387 1382 1382 1437 1362 1362 1357 1292 1292 1287 1297 1297 1302 1302 1367 1367 1372 1317 1317 1312 1327 1327 1332 1277 1277 1257 1337 1337 1342 1342 1347 1347 1352 1352 1377 1377 0 0 0
0 0 1567 1567 1562 1562 1557 1557 1552 1552 1547 1547 1542 1542 1537 1537 1532 1532 1527 1527 1522 1522 1467 1437 1437 1362 1357 1357 1292 1442 1442 1447 1447 1367 1367 1452 1372 1372 1317 1327 1327 1457 1332 1332 1277 1337 1337 1342 1342 1347 1347 1352 1352 1377 1377 0 0 0 0
0 1567 1567 1562 1562 1557 1557 1552 1552 1547 1547 1542 1542 1537 1537 1532 1532 1527 1527 1522 1522 1572 1467 1467 1437 1462 1462 1357 1442 1442 1447 1447 1507 1507 1512 1452 1452 1372 1472 1472 1477 1457 1457 1332 1482 1482 1487 1487 1492 1492 1497 1497 1502 1502 1517 1517 0 0 0
0 0 1707 1707 1702 1702 1697 1697 1692 1692 1687 1687 1682 1682 1677 1677 1672 1672 1667 1667 1627 1572 1572 1467 1462 1462 1637 1637 1642 1642 1647 1507 1507 1577 1512 1512 1452 1472 1472 1582 1477 1477 1457 1482 1482 1487 1487 1492 1492 1497 1497 1502 1502 1517 1517 0 0 0 0
0 1707 1707 1702 1702 1697 1697 1692 1692 1687 1687 1682 1682 1677 1677 1672 1672 1667 1667 1712 1627 1627 1572 1632 1632 1637 1637 1642 1642 1657 1647 1647 1652 1577 1577 1512 1587 1587 1592 1582 1582 1477 1597 1597 1602 1602 1607 1607 1612 1612 1617 1617 1622 1622 1662 1662 0 0 0
0 0 1842 1842 1837 1837 1832 1832 1827 1827 1822 1822 1817 1817 1812 1812 1807 1807 1767 1712 1712 1627 1632 1632 1777 1777 1782 1782 1727 1657 1657 1647 1652 1652 1577 1587 1587 1717 1592 1592 1582 1597 1597 1602 1602 1607 1607 1612 1612 1617 1617 1622 1622 1662 1662 0 0 0 0
0 1842 1842 1837 1837 1832 1832 1827 1827 1822 1822 1817 1817 1812 1812 1807 1807 1847 1767 1767 1712 1772 1772 1777 1777 1782 1782 1787 1727 1727 1657 1722 1722 1652 1792 1792 1797 1717 1717 1592 1732 1732 1737 1737 1742 1742 1747 1747 1752 1752 1757 1757 1762 1762 1802 1802 0 0 0
0 0 0 0 0 0 1972 1972 1967 1967 1962 1962 1957 1957 1952 1952 1897 1847 1847 1767 1772 1772 1907 1907 1912 1912 1917 1787 1787 1727 1722 1722 1932 1792 1792 1852 1797 1797 1717 1732 1732 1737 1737 1742 1742 1747 1747 1752 1752 1757 1757 1762 1762 1802 1802 0 0 0 0
0 0 0 0 0 1972 1972 1967 1967 1962 1962 1957 1957 1952 1952 0 1897 1897 1847 1902 1902 1907 1907 1912 1912 1922 1917 1917 1787 1927 1927 1942 1932 1932 1937 1852 1852 1797 1857 1857 1862 1862 1867 1867 1872 1872 1877 1877 1882 1882 1887 1887 1892 1892 1947 1947 0 0 0
0 0 0 0 0 0 0 0 0 0 0 0 0 0 0 0 0 1897 1902 1902 0 0 0 0 0 1922 1922 1917 1927 1927 0 1942 1942 1932 1937 1937 1852 1857 1857 1862 1862 1867 1867 1872 1872 1877 1877 1882 1882 1887 1887 1892 1892 1947 1947 0 0 0 0
0 0 0 0 0 0 0 0 0 0 0 0 0 0 0 0 0 0 0 0 0 0 0 0 0 0 1922 0 0 0 0 0 1942 0 0 1937 0 0 0 0 0 0 0 0 0 0 0 0 0 0 0 0 0 0 0 0 0 0 0
0 0 0 0 0 0 0 0 0 0 0 0 0 0 0 0 0 0 0 0 0 0 0 0 0 0 0 0 0 0 0 0 0 0 0 0 0 0 0 0 0 0 0 0 0 0 0 0 0 0 0 0 0 0 0 0 0 0 0
0 0 0 0 0 0 0 0 0 0 0 0 0 0 0 0 0 0 0 0 0 0 0 0 0 0 0 0 0 0 0 0 0 0 0 0 0 0 0 0 0 0 0 0 0 0 0 0 0 0 0 0 0 0 0 0 0 0 0
0 0 0 0 0 0 0 0 0 0 0 0 0 0 0 0 0 0 0 0 0 0 0 0 0 0 0 0 0 0 0 0 0 0 0 0 0 0 0 0 0 0 0 0 0 0 0 0 0 0 0 0 0 0 0 0 0 0 0
