800904
Zlaganje

6
71 71
4002 4002 4002 4002 4007 4007 4007 4007 4022 4022 4022 4022 4032 4032 4032 4032 4042 4042 4042 4042 4052 4052 4052 4052 4062 4062 4062 4062 4072 4072 4072 4072 4082 4082 4082 4082 4092 4092 4092 4092 4102 4102 4102 4102 4112 4112 4112 4112 4122 4122 4122 4122 6134 6133 6133 6133 6144 6143 6143 6143 6154 6153 6153 6153 6164 6163 6163 6163 0 0 0
4003 4003 4003 4003 4008 4008 4008 4008 4023 4023 4023 4023 4033 4033 4033 4033 4043 4043 4043 4043 4053 4053 4053 4053 4063 4063 4063 4063 4073 4073 4073 4073 4083 4083 4083 4083 4093 4093 4093 4093 4103 4103 4103 4103 4113 4113 4113 4113 4123 4123 4123 4123 6134 6133 6134 6134 6144 6143 6144 6144 6154 6153 6154 6154 6164 6163 6164 6164 0 0 0
4002 4002 4002 4002 4007 4007 4007 4007 4022 4022 4022 4022 4032 4032 4032 4032 4042 4042 4042 4042 4052 4052 4052 4052 4062 4062 4062 4062 4072 4072 4072 4072 4082 4082 4082 4082 4092 4092 4092 4092 4102 4102 4102 4102 4112 4112 4112 4112 4122 4122 4122 4122 6134 6134 6133 6134 6144 6144 6143 6144 6154 6154 6153 6154 6164 6164 6163 6164 0 0 0
4003 4003 4003 4003 4008 4008 4008 4008 4023 4023 4023 4023 4033 4033 4033 4033 4043 4043 4043 4043 4053 4053 4053 4053 4063 4063 4063 4063 4073 4073 4073 4073 4083 4083 4083 4083 4093 4093 4093 4093 4103 4103 4103 4103 4113 4113 4113 4113 4123 4123 4123 4123 6133 6133 6133 6134 6143 6143 6143 6144 6153 6153 6153 6154 6163 6163 6163 6164 0 0 0
4012 4012 4012 4012 4017 4017 4017 4017 4027 4027 4027 4027 4037 4037 4037 4037 4047 4047 4047 4047 4057 4057 4057 4057 4067 4067 4067 4067 4077 4077 4077 4077 4087 4087 4087 4087 4097 4097 4097 4097 4107 4107 4107 4107 4117 4117 4117 4117 4127 4127 4127 4127 6139 6138 6138 6138 6149 6148 6148 6148 6159 6158 6158 6158 6169 6168 6168 6168 0 0 0
4013 4013 4013 4013 4018 4018 4018 4018 4028 4028 4028 4028 4038 4038 4038 4038 4048 4048 4048 4048 4058 4058 4058 4058 4068 4068 4068 4068 4078 4078 4078 4078 4088 4088 4088 4088 4098 4098 4098 4098 4108 4108 4108 4108 4118 4118 4118 4118 4128 4128 4128 4128 6139 6138 6139 6139 6149 6148 6149 6149 6159 6158 6159 6159 6169 6168 6169 6169 0 0 0
4012 4012 4012 4012 4017 4017 4017 4017 4027 4027 4027 4027 4037 4037 4037 4037 4047 4047 4047 4047 4057 4057 4057 4057 4067 4067 4067 4067 4077 4077 4077 4077 4087 4087 4087 4087 4097 4097 4097 4097 4107 4107 4107 4107 4117 4117 4117 4117 4127 4127 4127 4127 6139 6139 6138 6139 6149 6149 6148 6149 6159 6159 6158 6159 6169 6169 6168 6169 0 0 0
4013 4013 4013 4013 4018 4018 4018 4018 4028 4028 4028 4028 4038 4038 4038 4038 4048 4048 4048 4048 4058 4058 4058 4058 4068 4068 4068 4068 4078 4078 4078 4078 4088 4088 4088 4088 4098 4098 4098 4098 4108 4108 4108 4108 4118 4118 4118 4118 4128 4128 4128 4128 6138 6138 6138 6139 6148 6148 6148 6149 6158 6158 6158 6159 6168 6168 6168 6169 0 0 0
6174 6173 6173 6173 6179 6178 6178 6178 6184 6183 6183 6183 6189 6188 6188 6188 6194 6193 6193 6193 6199 6198 6198 6198 6204 6203 6203 6203 6209 6208 6208 6208 6214 6213 6213 6213 6219 6218 6218 6218 6224 6223 6223 6223 6229 6228 6228 6228 6234 6233 6233 6233 6239 6238 6238 6238 6244 6243 6243 6243 6249 6248 6248 6248 6254 6253 6253 6253 0 0 0
6174 6173 6174 6174 6179 6178 6179 6179 6184 6183 6184 6184 6189 6188 6189 6189 6194 6193 6194 6194 6199 6198 6199 6199 6204 6203 6204 6204 6209 6208 6209 6209 6214 6213 6214 6214 6219 6218 6219 6219 6224 6223 6224 6224 6229 6228 6229 6229 6234 6233 6234 6234 6239 6238 6239 6239 6244 6243 6244 6244 6249 6248 6249 6249 6254 6253 6254 6254 0 0 0
6174 6174 6173 6174 6179 6179 6178 6179 6184 6184 6183 6184 6189 6189 6188 6189 6194 6194 6193 6194 6199 6199 6198 6199 6204 6204 6203 6204 6209 6209 6208 6209 6214 6214 6213 6214 6219 6219 6218 6219 6224 6224 6223 6224 6229 6229 6228 6229 6234 6234 6233 6234 6239 6239 6238 6239 6244 6244 6243 6244 6249 6249 6248 6249 6254 6254 6253 6254 0 0 0
6173 6173 6173 6174 6178 6178 6178 6179 6183 6183 6183 6184 6188 6188 6188 6189 6193 6193 6193 6194 6198 6198 6198 6199 6203 6203 6203 6204 6208 6208 6208 6209 6213 6213 6213 6214 6218 6218 6218 6219 6223 6223 6223 6224 6228 6228 6228 6229 6233 6233 6233 6234 6238 6238 6238 6239 6243 6243 6243 6244 6248 6248 6248 6249 6253 6253 6253 6254 0 0 0
6259 6258 6258 6258 6264 6263 6263 6263 6269 6268 6268 6268 6274 6273 6273 6273 5279 5279 5279 5280 5284 5284 5284 5285 5289 5289 5289 5290 5294 5294 5294 5295 5299 5299 5299 5300 5304 5304 5304 5305 5309 5309 5309 5310 5314 5314 5314 5315 5319 5319 5319 5320 5324 5324 5324 5325 5329 5329 5329 5330 5334 5334 5334 5335 5339 5339 5339 5340 0 0 0
6259 6258 6259 6259 6264 6263 6264 6264 6269 6268 6269 6269 6274 6273 6274 6274 5280 5280 5279 5280 5285 5285 5284 5285 5290 5290 5289 5290 5295 5295 5294 5295 5300 5300 5299 5300 5305 5305 5304 5305 5310 5310 5309 5310 5315 5315 5314 5315 5320 5320 5319 5320 5325 5325 5324 5325 5330 5330 5329 5330 5335 5335 5334 5335 5340 5340 5339 5340 0 0 0
6259 6259 6258 6259 6264 6264 6263 6264 6269 6269 6268 6269 6274 6274 6273 6274 5280 5279 5280 5280 5285 5284 5285 5285 5290 5289 5290 5290 5295 5294 5295 5295 5300 5299 5300 5300 5305 5304 5305 5305 5310 5309 5310 5310 5315 5314 5315 5315 5320 5319 5320 5320 5325 5324 5325 5325 5330 5329 5330 5330 5335 5334 5335 5335 5340 5339 5340 5340 0 0 0
6258 6258 6258 6259 6263 6263 6263 6264 6268 6268 6268 6269 6273 6273 6273 6274 5280 5279 5279 5279 5285 5284 5284 5284 5290 5289 5289 5289 5295 5294 5294 5294 5300 5299 5299 5299 5305 5304 5304 5304 5310 5309 5309 5309 5315 5314 5314 5314 5320 5319 5319 5319 5325 5324 5324 5324 5330 5329 5329 5329 5335 5334 5334 5334 5340 5339 5339 5339 0 0 0
5344 5344 5344 5345 5349 5349 5349 5350 5354 5354 5354 5355 5359 5359 5359 5360 5364 5364 5364 5365 5369 5369 5369 5370 5374 5374 5374 5375 5379 5379 5379 5380 5384 5384 5384 5385 5389 5389 5389 5390 5394 5394 5394 5395 5399 5399 5399 5400 5404 5404 5404 5405 5409 5409 5409 5410 5414 5414 5414 5415 5419 5419 5419 5420 5424 5424 5424 5425 0 0 0
5345 5345 5344 5345 5350 5350 5349 5350 5355 5355 5354 5355 5360 5360 5359 5360 5365 5365 5364 5365 5370 5370 5369 5370 5375 5375 5374 5375 5380 5380 5379 5380 5385 5385 5384 5385 5390 5390 5389 5390 5395 5395 5394 5395 5400 5400 5399 5400 5405 5405 5404 5405 5410 5410 5409 5410 5415 5415 5414 5415 5420 5420 5419 5420 5425 5425 5424 5425 0 0 0
5345 5344 5345 5345 5350 5349 5350 5350 5355 5354 5355 5355 5360 5359 5360 5360 5365 5364 5365 5365 5370 5369 5370 5370 5375 5374 5375 5375 5380 5379 5380 5380 5385 5384 5385 5385 5390 5389 5390 5390 5395 5394 5395 5395 5400 5399 5400 5400 5405 5404 5405 5405 5410 5409 5410 5410 5415 5414 5415 5415 5420 5419 5420 5420 5425 5424 5425 5425 0 0 0
5345 5344 5344 5344 5350 5349 5349 5349 5355 5354 5354 5354 5360 5359 5359 5359 5365 5364 5364 5364 5370 5369 5369 5369 5375 5374 5374 5374 5380 5379 5379 5379 5385 5384 5384 5384 5390 5389 5389 5389 5395 5394 5394 5394 5400 5399 5399 5399 5405 5404 5404 5404 5410 5409 5409 5409 5415 5414 5414 5414 5420 5419 5419 5419 5425 5424 5424 5424 0 0 0
5429 5429 5429 5430 5434 5434 5434 5435 5439 5439 5439 5440 5444 5444 5444 5445 5449 5449 5449 5450 5454 5454 5454 5455 5459 5459 5459 5460 5464 5464 5464 5465 5469 5469 5469 5470 5474 5474 5474 5475 5479 5479 5479 5480 5484 5484 5484 5485 5489 5489 5489 5490 7495 7495 7495 7496 7500 7500 7500 7501 7505 7505 7505 7506 7510 7510 7510 7511 0 0 0
5430 5430 5429 5430 5435 5435 5434 5435 5440 5440 5439 5440 5445 5445 5444 5445 5450 5450 5449 5450 5455 5455 5454 5455 5460 5460 5459 5460 5465 5465 5464 5465 5470 5470 5469 5470 5475 5475 5474 5475 5480 5480 5479 5480 5485 5485 5484 5485 5490 5490 5489 5490 7496 7495 7496 7496 7501 7500 7501 7501 7506 7505 7506 7506 7511 7510 7511 7511 0 0 0
5430 5429 5430 5430 5435 5434 5435 5435 5440 5439 5440 5440 5445 5444 5445 5445 5450 5449 5450 5450 5455 5454 5455 5455 5460 5459 5460 5460 5465 5464 5465 5465 5470 5469 5470 5470 5475 5474 5475 5475 5480 5479 5480 5480 5485 5484 5485 5485 5490 5489 5490 5490 7496 7496 7495 7496 7501 7501 7500 7501 7506 7506 7505 7506 7511 7511 7510 7511 0 0 0
5430 5429 5429 5429 5435 5434 5434 5434 5440 5439 5439 5439 5445 5444 5444 5444 5450 5449 5449 5449 5455 5454 5454 5454 5460 5459 5459 5459 5465 5464 5464 5464 5470 5469 5469 5469 5475 5474 5474 5474 5480 5479 5479 5479 5485 5484 5484 5484 5490 5489 5489 5489 7496 7495 7495 7495 7501 7500 7500 7500 7506 7505 7505 7505 7511 7510 7510 7510 0 0 0
7515 7515 7515 7516 7520 7520 7520 7521 7525 7525 7525 7526 7530 7530 7530 7531 7535 7535 7535 7536 7540 7540 7540 7541 7545 7545 7545 7546 8551 8551 8552 8552 8556 8556 8557 8557 8561 8561 8562 8562 8566 8566 8567 8567 8571 8571 8572 8572 8576 8576 8577 8577 8581 8581 8582 8582 8586 8586 8587 8587 8591 8591 8592 8592 8596 8596 8597 8597 0 0 0
7516 7515 7516 7516 7521 7520 7521 7521 7526 7525 7526 7526 7531 7530 7531 7531 7536 7535 7536 7536 7541 7540 7541 7541 7546 7545 7546 7546 8551 8551 8552 8552 8556 8556 8557 8557 8561 8561 8562 8562 8566 8566 8567 8567 8571 8571 8572 8572 8576 8576 8577 8577 8581 8581 8582 8582 8586 8586 8587 8587 8591 8591 8592 8592 8596 8596 8597 8597 0 0 0
7516 7516 7515 7516 7521 7521 7520 7521 7526 7526 7525 7526 7531 7531 7530 7531 7536 7536 7535 7536 7541 7541 7540 7541 7546 7546 7545 7546 8552 8552 8551 8551 8557 8557 8556 8556 8562 8562 8561 8561 8567 8567 8566 8566 8572 8572 8571 8571 8577 8577 8576 8576 8582 8582 8581 8581 8587 8587 8586 8586 8592 8592 8591 8591 8597 8597 8596 8596 0 0 0
7516 7515 7515 7515 7521 7520 7520 7520 7526 7525 7525 7525 7531 7530 7530 7530 7536 7535 7535 7535 7541 7540 7540 7540 7546 7545 7545 7545 8552 8552 8551 8551 8557 8557 8556 8556 8562 8562 8561 8561 8567 8567 8566 8566 8572 8572 8571 8571 8577 8577 8576 8576 8582 8582 8581 8581 8587 8587 8586 8586 8592 8592 8591 8591 8597 8597 8596 8596 0 0 0
8601 8601 8602 8602 8606 8606 8607 8607 8611 8611 8612 8612 8616 8616 8617 8617 8621 8621 8622 8622 8626 8626 8627 8627 8631 8631 8632 8632 8636 8636 8637 8637 8641 8641 8642 8642 8646 8646 8647 8647 8651 8651 8652 8652 8656 8656 8657 8657 8661 8661 8662 8662 8666 8666 8667 8667 8671 8671 8672 8672 8676 8676 8677 8677 8681 8681 8682 8682 0 0 0
8601 8601 8602 8602 8606 8606 8607 8607 8611 8611 8612 8612 8616 8616 8617 8617 8621 8621 8622 8622 8626 8626 8627 8627 8631 8631 8632 8632 8636 8636 8637 8637 8641 8641 8642 8642 8646 8646 8647 8647 8651 8651 8652 8652 8656 8656 8657 8657 8661 8661 8662 8662 8666 8666 8667 8667 8671 8671 8672 8672 8676 8676 8677 8677 8681 8681 8682 8682 0 0 0
8602 8602 8601 8601 8607 8607 8606 8606 8612 8612 8611 8611 8617 8617 8616 8616 8622 8622 8621 8621 8627 8627 8626 8626 8632 8632 8631 8631 8637 8637 8636 8636 8642 8642 8641 8641 8647 8647 8646 8646 8652 8652 8651 8651 8657 8657 8656 8656 8662 8662 8661 8661 8667 8667 8666 8666 8672 8672 8671 8671 8677 8677 8676 8676 8682 8682 8681 8681 0 0 0
8602 8602 8601 8601 8607 8607 8606 8606 8612 8612 8611 8611 8617 8617 8616 8616 8622 8622 8621 8621 8627 8627 8626 8626 8632 8632 8631 8631 8637 8637 8636 8636 8642 8642 8641 8641 8647 8647 8646 8646 8652 8652 8651 8651 8657 8657 8656 8656 8662 8662 8661 8661 8667 8667 8666 8666 8672 8672 8671 8671 8677 8677 8676 8676 8682 8682 8681 8681 0 0 0
8686 8686 8687 8687 8691 8691 8692 8692 8696 8696 8697 8697 8701 8701 8702 8702 8706 8706 8707 8707 8711 8711 8712 8712 8716 8716 8717 8717 8721 8721 8722 8722 726 726 726 726 731 731 731 731 736 736 736 736 741 741 741 741 788 788 788 793 799 804 804 814 814 814 824 830 835 835 835 840 850 855 855 855 0 0 0
8686 8686 8687 8687 8691 8691 8692 8692 8696 8696 8697 8697 8701 8701 8702 8702 8706 8706 8707 8707 8711 8711 8712 8712 8716 8716 8717 8717 8721 8721 8722 8722 747 747 752 752 757 757 762 762 768 768 768 773 778 778 778 783 788 793 793 793 799 804 819 819 819 814 824 830 830 835 840 840 850 850 855 0 0 0 0
8687 8687 8686 8686 8692 8692 8691 8691 8697 8697 8696 8696 8702 8702 8701 8701 8707 8707 8706 8706 8712 8712 8711 8711 8717 8717 8716 8716 8722 8722 8721 8721 747 747 752 752 757 757 762 762 768 773 773 773 778 783 783 783 809 809 809 799 799 804 861 861 819 824 824 830 845 845 845 840 850 1076 0 0 0 0 0
8687 8687 8686 8686 8692 8692 8691 8691 8697 8697 8696 8696 8702 8702 8701 8701 8707 8707 8706 8706 8712 8712 8711 8711 8717 8717 8716 8716 8722 8722 8721 8721 906 906 901 901 896 896 891 891 886 886 881 881 876 876 871 871 866 866 809 916 916 911 911 861 861 921 0 926 926 845 0 1071 1076 1076 1116 0 0 0 0
0 1006 1006 1001 1001 996 996 991 991 986 986 981 981 976 976 971 971 966 966 961 961 956 956 951 951 946 946 941 941 936 936 931 931 906 906 901 901 896 896 891 891 886 886 881 881 876 876 871 871 866 866 1011 916 916 911 911 921 921 1016 1016 926 926 1071 1071 1076 1116 1116 0 0 0 0
1126 1126 1006 1006 1001 1001 996 996 991 991 986 986 981 981 976 976 971 971 966 966 961 961 956 956 951 951 946 946 941 941 936 936 931 931 1131 1136 1136 1141 1141 1146 1146 1151 1151 1156 1156 1161 1161 1166 1166 0 1011 1011 1026 0 1031 1031 921 1021 1021 1016 1016 1036 1071 1121 1121 1116 0 0 0 0 0
0 1126 1126 1446 1451 1451 1456 1456 1461 1461 1466 1466 1471 1471 1476 1476 1481 1481 1486 1486 1491 1491 1496 1496 1501 1501 0 0 1346 0 1276 0 1186 1131 1131 1171 1136 1136 1141 1141 1146 1146 1151 1151 1156 1156 1161 1161 1166 1166 1011 1026 1026 1041 1041 1031 1031 1046 1021 1021 1036 1036 1066 1592 1121 1121 1827 1827 0 0 0
0 1521 1446 1446 1506 1451 1451 1456 1456 1461 1461 1466 1466 1471 1471 1476 1476 1481 1481 1486 1486 1491 1491 1496 1496 1501 1501 1346 1346 1276 1276 1186 1186 1131 1171 1171 1176 1241 1241 1236 1236 1231 1231 1226 1226 1221 1221 1216 1216 0 0 1026 1051 1051 1041 1041 1046 1046 1056 1056 1036 1066 1066 1592 1592 1827 1827 0 0 0 0
1521 1521 1446 1506 1506 1511 0 0 1637 1637 1632 1632 1627 1627 1622 1622 1617 1617 1612 1612 1607 1607 1602 1602 1597 1597 1551 1346 1341 1276 1271 1186 1181 1181 1171 1176 1176 1246 1241 1241 1236 1236 1231 1231 1226 1226 1221 1221 1216 1216 1211 1081 1081 1051 1051 1086 1046 1061 1061 1056 1056 1066 1106 1642 1592 1832 0 0 0 0 0
1521 1516 1516 1506 1511 1511 1872 1637 1637 1632 1632 1627 1627 1622 1622 1617 1617 1612 1612 1607 1607 1602 1602 1597 1597 1551 1551 1341 1341 1271 1271 1191 1191 1181 1181 1176 1246 1246 1256 1391 1391 1386 1386 1381 1381 1376 1376 0 0 1211 1211 1206 1081 1081 1086 1086 1091 1091 1061 1061 1101 1106 1106 1642 1642 1832 1832 0 0 0 0
1526 1526 1516 1516 1511 1877 1872 1872 1882 0 1947 0 2007 0 2072 0 2142 0 2247 0 2417 0 0 2422 2422 1551 1546 1341 1336 1271 1266 1266 1191 1191 1251 1251 1246 1256 1256 1647 1391 1391 1386 1386 1381 1381 1376 1376 1371 1211 1206 1206 1111 1111 1086 1096 1096 1091 1091 1101 1101 1106 1306 1652 1642 1837 1832 0 0 0 0
1712 1526 1526 1707 1707 1877 1877 1872 1882 1882 1947 1947 2007 2007 2072 2072 2142 2142 2247 2247 2417 2417 2422 2422 0 1546 1546 1336 1336 1281 1281 1266 1266 1261 1261 1251 1251 1256 1316 1647 1647 0 0 1732 1732 1727 1727 1371 1371 1366 1206 1201 1201 1111 1111 1196 1096 1096 1291 1101 1301 1306 1306 1652 1652 1837 1837 0 0 0 0
1712 1712 1707 1707 1907 0 1877 1887 1887 1882 1942 1947 2002 2007 2067 2072 2137 2142 2242 2247 2412 2417 2617 0 0 1546 1541 1336 1331 1331 1281 1281 1286 1286 1261 1261 1311 1316 1316 1657 1647 1742 1732 1732 1727 1727 1722 1371 1366 1366 1321 1321 1201 1201 1196 1196 1296 1291 1291 1301 1301 1306 1406 1662 1652 1842 1837 0 0 0 0
0 1712 1747 1747 1907 1907 1887 1887 1917 1917 1942 1942 2002 2002 2067 2067 2137 2137 2242 2242 2412 2412 2617 2617 0 1541 1541 1351 1351 1331 1331 1326 1326 1286 1286 1311 1311 1316 1436 1657 1657 1742 1742 0 1752 1752 1722 1722 1366 1361 1361 1321 1321 1356 1196 1296 1296 1291 1396 1301 1401 1406 1406 1662 1662 1842 1842 0 0 0 0
0 1747 1747 1912 1912 1907 1922 1917 1917 1937 1937 1942 1997 2002 2062 2067 2132 2137 2237 2242 2407 2412 2612 2617 0 1541 1536 1536 1351 1351 1411 1411 1326 1326 1416 1311 1431 1436 1436 1757 1657 1767 1742 1752 1752 0 1737 1722 1441 1441 1361 1361 1356 1356 1421 1296 1426 1396 1396 1401 1401 1406 1667 1667 1662 1847 1842 0 0 0 0
0 1952 1912 1912 1927 1927 1922 1922 1937 1937 1957 1957 1997 1997 2062 2062 2132 2132 2237 2237 2407 2407 2612 2612 2622 1556 1556 1536 1536 1531 1531 1411 1411 1416 1416 1431 1431 1436 1762 1757 1757 1767 1767 0 2282 0 1737 1737 1672 1441 1441 1576 1356 1421 1421 1426 1426 1396 1687 1401 1692 1667 1667 1697 1697 1847 1847 0 0 0 0
0 1952 1952 1927 1927 1932 1932 1922 1962 1957 1957 1992 1992 1997 2057 2062 2127 2132 2232 2237 2402 2407 2607 2612 2622 2622 1556 1556 1561 1561 1531 1531 1566 1416 1571 1431 1677 1677 1762 1762 1757 1782 1767 2277 2282 2282 2287 1737 1672 1672 1576 1576 1581 1421 1586 1426 1682 1682 1687 1687 1692 1692 1697 1697 1852 1852 1847 0 0 0 0
0 2012 1952 1972 1932 1932 1967 1967 1962 1962 1992 1992 2017 2017 2057 2057 2127 2127 2232 2232 2402 2402 2607 2607 2627 2622 0 0 0 1561 1561 1566 1566 1571 1571 1677 1677 1772 1772 1762 1787 1782 1782 2277 2277 2282 2287 2287 2292 1672 1576 1581 1581 1586 1586 1682 1682 1702 1702 1687 1807 1692 1857 1852 1852 1862 1862 0 0 0 0
0 2012 2012 1972 1972 1967 1967 1977 1977 1962 2022 2017 2017 2052 2052 2057 2122 2127 2227 2232 2397 2402 2602 2607 2627 2627 0 0 0 0 0 1566 0 1571 1777 1777 1772 1772 1792 1792 1787 1787 1782 2272 2277 2457 0 2287 2292 2292 2297 1581 0 1586 1717 1717 1702 1702 1812 1812 1807 1807 1857 1857 1862 1862 2507 2507 0 0 0
0 2077 2012 2037 1972 2032 1977 1977 2027 2027 2022 2022 2052 2052 2082 2082 2122 2122 2227 2227 2397 2397 2602 2602 2632 2627 0 0 0 0 0 0 0 1777 1777 1797 1797 1792 1792 1802 1802 1787 2267 2272 2272 2457 2457 0 0 2292 2297 2297 0 1717 1717 1817 1817 1812 1812 1822 1822 1807 1867 1857 2502 2507 2507 0 0 0 0
0 2077 2077 2037 2037 2032 2032 2027 2027 2042 2042 2022 2087 2082 2082 2117 2117 2122 2222 2227 2392 2397 2597 2602 2632 2632 0 0 0 0 0 0 0 2147 1797 1797 1892 1892 1802 1802 2152 2152 2267 2267 2272 2452 2457 0 0 0 0 2297 0 2162 1817 1817 1897 1897 1822 1822 1902 1902 1867 1867 2502 2502 0 0 0 0 0
0 2172 2077 2107 2037 2102 2032 2097 2042 2042 2092 2092 2087 2087 2117 2117 2177 2177 2222 2222 2392 2392 2597 2597 2637 2632 0 0 0 0 0 0 0 2147 2147 1892 1892 2157 2157 2152 2152 2262 2262 2267 2447 2452 2452 0 0 0 0 0 0 2162 2162 1897 1897 1982 1982 1902 1902 1987 1987 1867 2497 2502 0 0 0 0 0
0 2172 2172 2107 2107 2102 2102 2097 2097 2092 2092 2112 2112 2087 2182 2177 2177 2217 2217 2222 2387 2392 2592 2597 2637 2637 0 0 0 0 0 0 0 2302 2147 2252 2157 2157 2257 2257 2262 2262 2307 2307 2447 2447 2452 0 0 0 0 0 0 2317 2162 2167 1982 1982 2047 2047 1987 1987 2322 2322 2497 2497 0 0 0 0 0
0 2332 2172 2207 2107 2202 2102 2197 2097 2192 2112 2112 2187 2187 2182 2182 2217 2217 2337 2337 2387 2387 2592 2592 2642 2637 0 0 0 0 0 0 0 2302 2302 2252 2252 2257 2257 2312 2312 2307 2307 2442 2442 2447 0 0 0 0 0 0 0 2317 2317 2167 2167 2047 2047 2327 2327 2322 2322 2492 2492 2497 0 0 0 0 0
0 2332 2332 2207 2207 2202 2202 2197 2197 2192 2192 2187 2187 2212 2212 2182 2342 2337 2337 2382 2382 2387 2587 2592 2642 2642 0 0 0 0 0 0 0 2462 2302 2427 2252 2432 2312 2312 2437 2437 2442 2442 2467 2467 0 0 0 0 0 0 0 2512 2317 2477 2167 2482 2327 2327 2487 2487 2492 2492 2517 2517 0 0 0 0 0
0 2527 2332 2372 2207 2367 2202 2362 2197 2357 2192 2352 2212 2212 2347 2347 2342 2342 2382 2382 2532 2532 2587 2587 0 2642 0 0 0 0 0 0 0 2462 2462 2427 2427 2432 2432 2437 2437 2472 2472 2467 2467 0 0 0 0 0 0 0 0 2512 2512 2477 2477 2482 2482 2487 2487 2522 2522 2517 2517 0 0 0 0 0 0
0 2527 2527 2372 2372 2367 2367 2362 2362 2357 2357 2352 2352 2347 2347 2377 2377 2342 2537 2532 2532 2582 2582 2587 0 0 0 0 0 0 0 0 0 0 2462 0 2427 0 2432 0 2472 2472 0 0 0 0 0 0 0 0 0 0 0 0 2512 0 2477 0 2482 0 2522 2522 0 0 0 0 0 0 0 0 0
0 0 2527 2572 2372 2567 2367 2562 2362 2557 2357 2552 2352 2547 2377 2377 2542 2542 2537 2537 2582 2582 0 0 0 0 0 0 0 0 0 0 0 0 0 0 0 0 0 0 0 0 0 0 0 0 0 0 0 0 0 0 0 0 0 0 0 0 0 0 0 0 0 0 0 0 0 0 0 0 0
0 0 0 2572 2572 2567 2567 2562 2562 2557 2557 2552 2552 2547 2547 2542 2542 2577 2577 2537 0 0 0 0 0 0 0 0 0 0 0 0 0 0 0 0 0 0 0 0 0 0 0 0 0 0 0 0 0 0 0 0 0 0 0 0 0 0 0 0 0 0 0 0 0 0 0 0 0 0 0
0 0 0 0 2572 0 2567 0 2562 0 2557 0 2552 0 2547 0 2577 2577 0 0 0 0 0 0 0 0 0 0 0 0 0 0 0 0 0 0 0 0 0 0 0 0 0 0 0 0 0 0 0 0 0 0 0 0 0 0 0 0 0 0 0 0 0 0 0 0 0 0 0 0 0
0 0 0 0 0 0 0 0 0 0 0 0 0 0 0 0 0 0 0 0 0 0 0 0 0 0 0 0 0 0 0 0 0 0 0 0 0 0 0 0 0 0 0 0 0 0 0 0 0 0 0 0 0 0 0 0 0 0 0 0 0 0 0 0 0 0 0 0 0 0 0
0 0 0 0 0 0 0 0 0 0 0 0 0 0 0 0 0 0 0 0 0 0 0 0 0 0 0 0 0 0 0 0 0 0 0 0 0 0 0 0 0 0 0 0 0 0 0 0 0 0 0 0 0 0 0 0 0 0 0 0 0 0 0 0 0 0 0 0 0 0 0
0 0 0 0 0 0 0 0 0 0 0 0 0 0 0 0 0 0 0 0 0 0 0 0 0 0 0 0 0 0 0 0 0 0 0 0 0 0 0 0 0 0 0 0 0 0 0 0 0 0 0 0 0 0 0 0 0 0 0 0 0 0 0 0 0 0 0 0 0 0 0
0 0 0 0 0 0 0 0 0 0 0 0 0 0 0 0 0 0 0 0 0 0 0 0 0 0 0 0 0 0 0 0 0 0 0 0 0 0 0 0 0 0 0 0 0 0 0 0 0 0 0 0 0 0 0 0 0 0 0 0 0 0 0 0 0 0 0 0 0 0 0
0 0 0 0 0 0 0 0 0 0 0 0 0 0 0 0 0 0 0 0 0 0 0 0 0 0 0 0 0 0 0 0 0 0 0 0 0 0 0 0 0 0 0 0 0 0 0 0 0 0 0 0 0 0 0 0 0 0 0 0 0 0 0 0 0 0 0 0 0 0 0
0 0 0 0 0 0 0 0 0 0 0 0 0 0 0 0 0 0 0 0 0 0 0 0 0 0 0 0 0 0 0 0 0 0 0 0 0 0 0 0 0 0 0 0 0 0 0 0 0 0 0 0 0 0 0 0 0 0 0 0 0 0 0 0 0 0 0 0 0 0 0
0 0 0 0 0 0 0 0 0 0 0 0 0 0 0 0 0 0 0 0 0 0 0 0 0 0 0 0 0 0 0 0 0 0 0 0 0 0 0 0 0 0 0 0 0 0 0 0 0 0 0 0 0 0 0 0 0 0 0 0 0 0 0 0 0 0 0 0 0 0 0
0 0 0 0 0 0 0 0 0 0 0 0 0 0 0 0 0 0 0 0 0 0 0 0 0 0 0 0 0 0 0 0 0 0 0 0 0 0 0 0 0 0 0 0 0 0 0 0 0 0 0 0 0 0 0 0 0 0 0 0 0 0 0 0 0 0 0 0 0 0 0
0 0 0 0 0 0 0 0 0 0 0 0 0 0 0 0 0 0 0 0 0 0 0 0 0 0 0 0 0 0 0 0 0 0 0 0 0 0 0 0 0 0 0 0 0 0 0 0 0 0 0 0 0 0 0 0 0 0 0 0 0 0 0 0 0 0 0 0 0 0 0
