800904
Zlaganje

62
20 20
6 6 6 6 21 26 31 42 42 53 53 75 0 0 0 0 0 0 0 0
11 11 11 11 21 26 31 42 42 48 53 75 75 86 0 0 0 0 0 0
16 16 16 16 21 26 31 48 48 48 53 75 86 86 0 0 0 0 0 0
36 36 36 36 21 26 31 58 64 69 69 81 86 91 0 0 0 0 0 0
127 101 101 96 96 58 58 58 64 69 81 81 91 91 0 0 0 0 0 0
127 127 101 101 96 96 106 64 64 69 81 111 91 116 0 0 0 0 0 0
0 127 132 132 0 106 106 122 122 0 111 111 116 116 0 0 0 0 0 0
0 132 132 137 137 106 122 122 142 142 111 0 116 0 0 0 0 0 0 0
0 0 137 137 0 0 0 142 142 0 0 0 0 0 0 0 0 0 0 0
0 0 0 0 0 0 0 0 0 0 0 0 0 0 0 0 0 0 0 0
0 0 0 0 0 0 0 0 0 0 0 0 0 0 0 0 0 0 0 0
0 0 0 0 0 0 0 0 0 0 0 0 0 0 0 0 0 0 0 0
0 0 0 0 0 0 0 0 0 0 0 0 0 0 0 0 0 0 0 0
0 0 0 0 0 0 0 0 0 0 0 0 0 0 0 0 0 0 0 0
0 0 0 0 0 0 0 0 0 0 0 0 0 0 0 0 0 0 0 0
0 0 0 0 0 0 0 0 0 0 0 0 0 0 0 0 0 0 0 0
0 0 0 0 0 0 0 0 0 0 0 0 0 0 0 0 0 0 0 0
0 0 0 0 0 0 0 0 0 0 0 0 0 0 0 0 0 0 0 0
0 0 0 0 0 0 0 0 0 0 0 0 0 0 0 0 0 0 0 0
0 0 0 0 0 0 0 0 0 0 0 0 0 0 0 0 0 0 0 0
