800904
Zlaganje

63
21 21
6 6 6 6 21 37 37 63 63 68 0 0 78 104 104 104 0 0 0 0 0
11 11 11 11 21 37 37 58 63 68 78 78 78 99 99 104 0 0 0 0 0
16 16 16 16 21 42 42 58 63 68 68 73 83 99 109 109 0 0 0 0 0
32 32 27 27 21 42 42 58 58 73 73 73 83 99 109 0 0 0 0 0 0
32 32 27 27 47 47 52 52 88 88 88 94 83 83 109 0 0 0 0 0 0
120 115 115 115 47 47 52 52 88 131 131 94 94 94 0 0 0 0 0 0 0
120 120 115 125 125 125 137 137 142 142 131 131 147 147 0 0 0 0 0 0 0
120 157 157 162 125 137 137 142 142 152 152 147 147 0 0 0 0 0 0 0 0
157 157 167 162 162 0 0 0 152 152 0 0 0 0 0 0 0 0 0 0 0
0 0 167 167 162 0 0 0 0 0 0 0 0 0 0 0 0 0 0 0 0
0 0 0 167 0 0 0 0 0 0 0 0 0 0 0 0 0 0 0 0 0
0 0 0 0 0 0 0 0 0 0 0 0 0 0 0 0 0 0 0 0 0
0 0 0 0 0 0 0 0 0 0 0 0 0 0 0 0 0 0 0 0 0
0 0 0 0 0 0 0 0 0 0 0 0 0 0 0 0 0 0 0 0 0
0 0 0 0 0 0 0 0 0 0 0 0 0 0 0 0 0 0 0 0 0
0 0 0 0 0 0 0 0 0 0 0 0 0 0 0 0 0 0 0 0 0
0 0 0 0 0 0 0 0 0 0 0 0 0 0 0 0 0 0 0 0 0
0 0 0 0 0 0 0 0 0 0 0 0 0 0 0 0 0 0 0 0 0
0 0 0 0 0 0 0 0 0 0 0 0 0 0 0 0 0 0 0 0 0
0 0 0 0 0 0 0 0 0 0 0 0 0 0 0 0 0 0 0 0 0
0 0 0 0 0 0 0 0 0 0 0 0 0 0 0 0 0 0 0 0 0
