800904
Zlaganje

64
30 30
5004 5004 5004 5005 5009 5009 5009 5010 5014 5014 5014 5015 5019 5019 5019 5020 5024 5024 5024 5025 7030 7030 7030 7031 7035 7035 7035 7036 0 0
5005 5005 5004 5005 5010 5010 5009 5010 5015 5015 5014 5015 5020 5020 5019 5020 5025 5025 5024 5025 7031 7030 7031 7031 7036 7035 7036 7036 0 0
5005 5004 5005 5005 5010 5009 5010 5010 5015 5014 5015 5015 5020 5019 5020 5020 5025 5024 5025 5025 7031 7031 7030 7031 7036 7036 7035 7036 0 0
5005 5004 5004 5004 5010 5009 5009 5009 5015 5014 5014 5014 5020 5019 5019 5019 5025 5024 5024 5024 7031 7030 7030 7030 7036 7035 7035 7035 0 0
7040 7040 7040 7041 7045 7045 7045 7046 7050 7050 7050 7051 8056 8056 8057 8057 8061 8061 8062 8062 8066 8066 8067 8067 8071 8071 8072 8072 0 0
7041 7040 7041 7041 7046 7045 7046 7046 7051 7050 7051 7051 8056 8056 8057 8057 8061 8061 8062 8062 8066 8066 8067 8067 8071 8071 8072 8072 0 0
7041 7041 7040 7041 7046 7046 7045 7046 7051 7051 7050 7051 8057 8057 8056 8056 8062 8062 8061 8061 8067 8067 8066 8066 8072 8072 8071 8071 0 0
7041 7040 7040 7040 7046 7045 7045 7045 7051 7050 7050 7050 8057 8057 8056 8056 8062 8062 8061 8061 8067 8067 8066 8066 8072 8072 8071 8071 0 0
77 77 82 82 87 87 92 92 97 97 102 102 109 114 114 119 119 119 129 134 134 139 139 139 155 155 155 0 0 0
77 77 82 82 87 87 92 92 97 97 102 102 109 114 124 124 124 119 129 134 145 145 145 139 160 155 0 0 0 0
297 186 186 181 181 175 175 175 170 170 170 109 109 114 191 191 124 129 129 134 150 145 165 160 160 160 0 0 0 0
297 297 186 186 181 181 175 196 196 170 0 221 221 216 216 191 191 201 201 150 150 150 165 165 211 0 0 0 0 0
0 297 246 246 241 241 236 236 196 196 251 251 221 221 216 216 226 226 201 201 206 206 165 211 211 0 0 0 0 0
0 0 0 246 246 241 241 236 236 256 256 251 251 261 292 266 266 226 226 231 231 206 206 211 0 0 0 0 0 0
0 0 0 0 286 286 281 281 276 276 256 256 261 261 292 292 266 266 271 271 231 231 302 302 0 0 0 0 0 0
0 0 0 0 0 286 286 281 281 276 276 0 261 307 307 292 0 0 0 271 271 302 302 0 0 0 0 0 0 0
0 0 0 0 0 0 0 0 0 0 0 0 307 307 0 0 0 0 0 0 0 0 0 0 0 0 0 0 0 0
0 0 0 0 0 0 0 0 0 0 0 0 0 0 0 0 0 0 0 0 0 0 0 0 0 0 0 0 0 0
0 0 0 0 0 0 0 0 0 0 0 0 0 0 0 0 0 0 0 0 0 0 0 0 0 0 0 0 0 0
0 0 0 0 0 0 0 0 0 0 0 0 0 0 0 0 0 0 0 0 0 0 0 0 0 0 0 0 0 0
0 0 0 0 0 0 0 0 0 0 0 0 0 0 0 0 0 0 0 0 0 0 0 0 0 0 0 0 0 0
0 0 0 0 0 0 0 0 0 0 0 0 0 0 0 0 0 0 0 0 0 0 0 0 0 0 0 0 0 0
0 0 0 0 0 0 0 0 0 0 0 0 0 0 0 0 0 0 0 0 0 0 0 0 0 0 0 0 0 0
0 0 0 0 0 0 0 0 0 0 0 0 0 0 0 0 0 0 0 0 0 0 0 0 0 0 0 0 0 0
0 0 0 0 0 0 0 0 0 0 0 0 0 0 0 0 0 0 0 0 0 0 0 0 0 0 0 0 0 0
0 0 0 0 0 0 0 0 0 0 0 0 0 0 0 0 0 0 0 0 0 0 0 0 0 0 0 0 0 0
0 0 0 0 0 0 0 0 0 0 0 0 0 0 0 0 0 0 0 0 0 0 0 0 0 0 0 0 0 0
0 0 0 0 0 0 0 0 0 0 0 0 0 0 0 0 0 0 0 0 0 0 0 0 0 0 0 0 0 0
0 0 0 0 0 0 0 0 0 0 0 0 0 0 0 0 0 0 0 0 0 0 0 0 0 0 0 0 0 0
0 0 0 0 0 0 0 0 0 0 0 0 0 0 0 0 0 0 0 0 0 0 0 0 0 0 0 0 0 0
