800904
Zlaganje

65
22 22
8006 8006 8007 8007 11 16 21 26 32 32 42 42 55 121 121 126 126 0 0 0 0 0
8006 8006 8007 8007 11 16 21 26 32 32 42 42 55 55 121 121 126 126 0 0 0 0
8007 8007 8006 8006 11 16 21 26 37 37 47 47 55 60 0 0 0 0 0 0 0 0
8007 8007 8006 8006 11 16 21 26 37 37 47 47 60 60 0 0 0 0 0 0 0 0
86 86 81 81 75 75 75 70 70 70 65 65 65 60 0 0 0 0 0 0 0 0
0 86 86 81 81 75 91 91 70 96 96 65 141 141 0 0 0 0 0 0 0 0
0 111 111 106 106 101 101 91 91 116 96 96 136 141 141 171 0 0 0 0 0 0
0 0 111 111 106 106 101 101 116 116 131 136 136 161 171 171 0 0 0 0 0 0
0 0 156 156 151 151 146 146 116 131 131 136 161 161 171 0 0 0 0 0 0 0
0 0 0 156 156 151 151 146 146 131 166 166 161 0 0 0 0 0 0 0 0 0
0 0 0 191 191 186 186 181 181 176 176 166 166 0 0 0 0 0 0 0 0 0
0 0 0 0 191 191 186 186 181 181 176 176 0 0 0 0 0 0 0 0 0 0
0 0 0 0 0 0 0 0 0 0 0 0 0 0 0 0 0 0 0 0 0 0
0 0 0 0 0 0 0 0 0 0 0 0 0 0 0 0 0 0 0 0 0 0
0 0 0 0 0 0 0 0 0 0 0 0 0 0 0 0 0 0 0 0 0 0
0 0 0 0 0 0 0 0 0 0 0 0 0 0 0 0 0 0 0 0 0 0
0 0 0 0 0 0 0 0 0 0 0 0 0 0 0 0 0 0 0 0 0 0
0 0 0 0 0 0 0 0 0 0 0 0 0 0 0 0 0 0 0 0 0 0
0 0 0 0 0 0 0 0 0 0 0 0 0 0 0 0 0 0 0 0 0 0
0 0 0 0 0 0 0 0 0 0 0 0 0 0 0 0 0 0 0 0 0 0
0 0 0 0 0 0 0 0 0 0 0 0 0 0 0 0 0 0 0 0 0 0
0 0 0 0 0 0 0 0 0 0 0 0 0 0 0 0 0 0 0 0 0 0
