800904
Zlaganje

67
20 20
6 6 6 6 21 37 37 54 54 54 59 90 90 90 101 0 0 0 0 0
11 11 11 11 21 37 37 43 49 54 59 85 90 101 101 0 0 0 0 0
16 16 16 16 21 43 43 43 49 59 59 85 85 101 0 0 0 0 0 0
32 32 27 27 21 65 70 49 49 75 80 85 0 0 0 0 0 0 0 0
32 32 27 27 65 65 70 70 75 75 80 80 0 0 0 0 0 0 0 0
127 111 111 106 106 65 70 96 96 75 80 121 0 0 0 0 0 0 0 0
127 127 111 111 106 106 116 116 96 96 121 121 0 0 0 0 0 0 0 0
0 127 132 132 0 0 0 116 116 0 121 0 0 0 0 0 0 0 0 0
0 132 132 0 0 0 0 0 0 0 0 0 0 0 0 0 0 0 0 0
0 0 0 0 0 0 0 0 0 0 0 0 0 0 0 0 0 0 0 0
0 0 0 0 0 0 0 0 0 0 0 0 0 0 0 0 0 0 0 0
0 0 0 0 0 0 0 0 0 0 0 0 0 0 0 0 0 0 0 0
0 0 0 0 0 0 0 0 0 0 0 0 0 0 0 0 0 0 0 0
0 0 0 0 0 0 0 0 0 0 0 0 0 0 0 0 0 0 0 0
0 0 0 0 0 0 0 0 0 0 0 0 0 0 0 0 0 0 0 0
0 0 0 0 0 0 0 0 0 0 0 0 0 0 0 0 0 0 0 0
0 0 0 0 0 0 0 0 0 0 0 0 0 0 0 0 0 0 0 0
0 0 0 0 0 0 0 0 0 0 0 0 0 0 0 0 0 0 0 0
0 0 0 0 0 0 0 0 0 0 0 0 0 0 0 0 0 0 0 0
0 0 0 0 0 0 0 0 0 0 0 0 0 0 0 0 0 0 0 0
