800904
Zlaganje

7
56 56
4002 4002 4002 4002 4007 4007 4007 4007 4022 4022 4022 4022 4032 4032 4032 4032 4042 4042 4042 4042 4052 4052 4052 4052 4062 4062 4062 4062 4072 4072 4072 4072 4082 4082 4082 4082 4092 4092 4092 4092 4102 4102 4102 4102 4112 4112 4112 4112 4122 4122 4122 4122 0 0 0 0
4003 4003 4003 4003 4008 4008 4008 4008 4023 4023 4023 4023 4033 4033 4033 4033 4043 4043 4043 4043 4053 4053 4053 4053 4063 4063 4063 4063 4073 4073 4073 4073 4083 4083 4083 4083 4093 4093 4093 4093 4103 4103 4103 4103 4113 4113 4113 4113 4123 4123 4123 4123 0 0 0 0
4002 4002 4002 4002 4007 4007 4007 4007 4022 4022 4022 4022 4032 4032 4032 4032 4042 4042 4042 4042 4052 4052 4052 4052 4062 4062 4062 4062 4072 4072 4072 4072 4082 4082 4082 4082 4092 4092 4092 4092 4102 4102 4102 4102 4112 4112 4112 4112 4122 4122 4122 4122 0 0 0 0
4003 4003 4003 4003 4008 4008 4008 4008 4023 4023 4023 4023 4033 4033 4033 4033 4043 4043 4043 4043 4053 4053 4053 4053 4063 4063 4063 4063 4073 4073 4073 4073 4083 4083 4083 4083 4093 4093 4093 4093 4103 4103 4103 4103 4113 4113 4113 4113 4123 4123 4123 4123 0 0 0 0
4012 4012 4012 4012 4017 4017 4017 4017 4027 4027 4027 4027 4037 4037 4037 4037 4047 4047 4047 4047 4057 4057 4057 4057 4067 4067 4067 4067 4077 4077 4077 4077 4087 4087 4087 4087 4097 4097 4097 4097 4107 4107 4107 4107 4117 4117 4117 4117 4127 4127 4127 4127 0 0 0 0
4013 4013 4013 4013 4018 4018 4018 4018 4028 4028 4028 4028 4038 4038 4038 4038 4048 4048 4048 4048 4058 4058 4058 4058 4068 4068 4068 4068 4078 4078 4078 4078 4088 4088 4088 4088 4098 4098 4098 4098 4108 4108 4108 4108 4118 4118 4118 4118 4128 4128 4128 4128 0 0 0 0
4012 4012 4012 4012 4017 4017 4017 4017 4027 4027 4027 4027 4037 4037 4037 4037 4047 4047 4047 4047 4057 4057 4057 4057 4067 4067 4067 4067 4077 4077 4077 4077 4087 4087 4087 4087 4097 4097 4097 4097 4107 4107 4107 4107 4117 4117 4117 4117 4127 4127 4127 4127 0 0 0 0
4013 4013 4013 4013 4018 4018 4018 4018 4028 4028 4028 4028 4038 4038 4038 4038 4048 4048 4048 4048 4058 4058 4058 4058 4068 4068 4068 4068 4078 4078 4078 4078 4088 4088 4088 4088 4098 4098 4098 4098 4108 4108 4108 4108 4118 4118 4118 4118 4128 4128 4128 4128 0 0 0 0
4132 4132 4132 4132 4137 4137 4137 4137 4142 4142 4142 4142 4147 4147 4147 4147 4152 4152 4152 4152 4157 4157 4157 4157 4162 4162 4162 4162 4167 4167 4167 4167 4172 4172 4172 4172 4177 4177 4177 4177 4182 4182 4182 4182 4187 4187 4187 4187 4192 4192 4192 4192 0 0 0 0
4133 4133 4133 4133 4138 4138 4138 4138 4143 4143 4143 4143 4148 4148 4148 4148 4153 4153 4153 4153 4158 4158 4158 4158 4163 4163 4163 4163 4168 4168 4168 4168 4173 4173 4173 4173 4178 4178 4178 4178 4183 4183 4183 4183 4188 4188 4188 4188 4193 4193 4193 4193 0 0 0 0
4132 4132 4132 4132 4137 4137 4137 4137 4142 4142 4142 4142 4147 4147 4147 4147 4152 4152 4152 4152 4157 4157 4157 4157 4162 4162 4162 4162 4167 4167 4167 4167 4172 4172 4172 4172 4177 4177 4177 4177 4182 4182 4182 4182 4187 4187 4187 4187 4192 4192 4192 4192 0 0 0 0
4133 4133 4133 4133 4138 4138 4138 4138 4143 4143 4143 4143 4148 4148 4148 4148 4153 4153 4153 4153 4158 4158 4158 4158 4163 4163 4163 4163 4168 4168 4168 4168 4173 4173 4173 4173 4178 4178 4178 4178 4183 4183 4183 4183 4188 4188 4188 4188 4193 4193 4193 4193 0 0 0 0
4197 4197 4197 4197 4202 4202 4202 4202 4207 4207 4207 4207 4212 4212 4212 4212 4217 4217 4217 4217 4222 4222 4222 4222 4227 4227 4227 4227 4232 4232 4232 4232 4237 4237 4237 4237 4242 4242 4242 4242 4247 4247 4247 4247 4252 4252 4252 4252 4257 4257 4257 4257 0 0 0 0
4198 4198 4198 4198 4203 4203 4203 4203 4208 4208 4208 4208 4213 4213 4213 4213 4218 4218 4218 4218 4223 4223 4223 4223 4228 4228 4228 4228 4233 4233 4233 4233 4238 4238 4238 4238 4243 4243 4243 4243 4248 4248 4248 4248 4253 4253 4253 4253 4258 4258 4258 4258 0 0 0 0
4197 4197 4197 4197 4202 4202 4202 4202 4207 4207 4207 4207 4212 4212 4212 4212 4217 4217 4217 4217 4222 4222 4222 4222 4227 4227 4227 4227 4232 4232 4232 4232 4237 4237 4237 4237 4242 4242 4242 4242 4247 4247 4247 4247 4252 4252 4252 4252 4257 4257 4257 4257 0 0 0 0
4198 4198 4198 4198 4203 4203 4203 4203 4208 4208 4208 4208 4213 4213 4213 4213 4218 4218 4218 4218 4223 4223 4223 4223 4228 4228 4228 4228 4233 4233 4233 4233 4238 4238 4238 4238 4243 4243 4243 4243 4248 4248 4248 4248 4253 4253 4253 4253 4258 4258 4258 4258 0 0 0 0
4262 4262 4262 4262 4267 4267 4267 4267 4272 4272 4272 4272 4277 4277 4277 4277 4282 4282 4282 4282 4287 4287 4287 4287 4292 4292 4292 4292 4297 4297 4297 4297 4302 4302 4302 4302 4307 4307 4307 4307 4312 4312 4312 4312 8321 8321 8322 8322 8326 8326 8327 8327 0 0 0 0
4263 4263 4263 4263 4268 4268 4268 4268 4273 4273 4273 4273 4278 4278 4278 4278 4283 4283 4283 4283 4288 4288 4288 4288 4293 4293 4293 4293 4298 4298 4298 4298 4303 4303 4303 4303 4308 4308 4308 4308 4313 4313 4313 4313 8321 8321 8322 8322 8326 8326 8327 8327 0 0 0 0
4262 4262 4262 4262 4267 4267 4267 4267 4272 4272 4272 4272 4277 4277 4277 4277 4282 4282 4282 4282 4287 4287 4287 4287 4292 4292 4292 4292 4297 4297 4297 4297 4302 4302 4302 4302 4307 4307 4307 4307 4312 4312 4312 4312 8322 8322 8321 8321 8327 8327 8326 8326 0 0 0 0
4263 4263 4263 4263 4268 4268 4268 4268 4273 4273 4273 4273 4278 4278 4278 4278 4283 4283 4283 4283 4288 4288 4288 4288 4293 4293 4293 4293 4298 4298 4298 4298 4303 4303 4303 4303 4308 4308 4308 4308 4313 4313 4313 4313 8322 8322 8321 8321 8327 8327 8326 8326 0 0 0 0
8331 8331 8332 8332 8336 8336 8337 8337 8341 8341 8342 8342 8346 8346 8347 8347 8351 8351 8352 8352 8356 8356 8357 8357 8361 8361 8362 8362 8366 8366 8367 8367 8371 8371 8372 8372 8376 8376 8377 8377 8381 8381 8382 8382 8386 8386 8387 8387 8391 8391 8392 8392 0 0 0 0
8331 8331 8332 8332 8336 8336 8337 8337 8341 8341 8342 8342 8346 8346 8347 8347 8351 8351 8352 8352 8356 8356 8357 8357 8361 8361 8362 8362 8366 8366 8367 8367 8371 8371 8372 8372 8376 8376 8377 8377 8381 8381 8382 8382 8386 8386 8387 8387 8391 8391 8392 8392 0 0 0 0
8332 8332 8331 8331 8337 8337 8336 8336 8342 8342 8341 8341 8347 8347 8346 8346 8352 8352 8351 8351 8357 8357 8356 8356 8362 8362 8361 8361 8367 8367 8366 8366 8372 8372 8371 8371 8377 8377 8376 8376 8382 8382 8381 8381 8387 8387 8386 8386 8392 8392 8391 8391 0 0 0 0
8332 8332 8331 8331 8337 8337 8336 8336 8342 8342 8341 8341 8347 8347 8346 8346 8352 8352 8351 8351 8357 8357 8356 8356 8362 8362 8361 8361 8367 8367 8366 8366 8372 8372 8371 8371 8377 8377 8376 8376 8382 8382 8381 8381 8387 8387 8386 8386 8392 8392 8391 8391 0 0 0 0
8396 8396 8397 8397 8401 8401 8402 8402 8406 8406 8407 8407 8411 8411 8412 8412 8416 8416 8417 8417 8421 8421 8422 8422 8426 8426 8427 8427 8431 8431 8432 8432 8436 8436 8437 8437 8441 8441 8442 8442 8446 8446 8447 8447 8451 8451 8452 8452 8456 8456 8457 8457 0 0 0 0
8396 8396 8397 8397 8401 8401 8402 8402 8406 8406 8407 8407 8411 8411 8412 8412 8416 8416 8417 8417 8421 8421 8422 8422 8426 8426 8427 8427 8431 8431 8432 8432 8436 8436 8437 8437 8441 8441 8442 8442 8446 8446 8447 8447 8451 8451 8452 8452 8456 8456 8457 8457 0 0 0 0
8397 8397 8396 8396 8402 8402 8401 8401 8407 8407 8406 8406 8412 8412 8411 8411 8417 8417 8416 8416 8422 8422 8421 8421 8427 8427 8426 8426 8432 8432 8431 8431 8437 8437 8436 8436 8442 8442 8441 8441 8447 8447 8446 8446 8452 8452 8451 8451 8457 8457 8456 8456 0 0 0 0
8397 8397 8396 8396 8402 8402 8401 8401 8407 8407 8406 8406 8412 8412 8411 8411 8417 8417 8416 8416 8422 8422 8421 8421 8427 8427 8426 8426 8432 8432 8431 8431 8437 8437 8436 8436 8442 8442 8441 8441 8447 8447 8446 8446 8452 8452 8451 8451 8457 8457 8456 8456 0 0 0 0
8461 8461 8462 8462 8466 8466 8467 8467 8471 8471 8472 8472 8476 8476 8477 8477 8481 8481 8482 8482 8486 8486 8487 8487 8491 8491 8492 8492 8496 8496 8497 8497 8501 8501 8502 8502 8506 8506 8507 8507 8511 8511 8512 8512 8516 8516 8517 8517 8521 8521 8522 8522 0 0 0 0
8461 8461 8462 8462 8466 8466 8467 8467 8471 8471 8472 8472 8476 8476 8477 8477 8481 8481 8482 8482 8486 8486 8487 8487 8491 8491 8492 8492 8496 8496 8497 8497 8501 8501 8502 8502 8506 8506 8507 8507 8511 8511 8512 8512 8516 8516 8517 8517 8521 8521 8522 8522 0 0 0 0
8462 8462 8461 8461 8467 8467 8466 8466 8472 8472 8471 8471 8477 8477 8476 8476 8482 8482 8481 8481 8487 8487 8486 8486 8492 8492 8491 8491 8497 8497 8496 8496 8502 8502 8501 8501 8507 8507 8506 8506 8512 8512 8511 8511 8517 8517 8516 8516 8522 8522 8521 8521 0 0 0 0
8462 8462 8461 8461 8467 8467 8466 8466 8472 8472 8471 8471 8477 8477 8476 8476 8482 8482 8481 8481 8487 8487 8486 8486 8492 8492 8491 8491 8497 8497 8496 8496 8502 8502 8501 8501 8507 8507 8506 8506 8512 8512 8511 8511 8517 8517 8516 8516 8522 8522 8521 8521 0 0 0 0
8526 8526 8527 8527 8531 8531 8532 8532 8536 8536 8537 8537 8541 8541 8542 8542 8546 8546 8547 8547 8551 8551 8552 8552 8556 8556 8557 8557 8561 8561 8562 8562 8566 8566 8567 8567 8571 8571 8572 8572 8576 8576 8577 8577 8581 8581 8582 8582 8586 8586 8587 8587 0 0 0 0
8526 8526 8527 8527 8531 8531 8532 8532 8536 8536 8537 8537 8541 8541 8542 8542 8546 8546 8547 8547 8551 8551 8552 8552 8556 8556 8557 8557 8561 8561 8562 8562 8566 8566 8567 8567 8571 8571 8572 8572 8576 8576 8577 8577 8581 8581 8582 8582 8586 8586 8587 8587 0 0 0 0
8527 8527 8526 8526 8532 8532 8531 8531 8537 8537 8536 8536 8542 8542 8541 8541 8547 8547 8546 8546 8552 8552 8551 8551 8557 8557 8556 8556 8562 8562 8561 8561 8567 8567 8566 8566 8572 8572 8571 8571 8577 8577 8576 8576 8582 8582 8581 8581 8587 8587 8586 8586 0 0 0 0
8527 8527 8526 8526 8532 8532 8531 8531 8537 8537 8536 8536 8542 8542 8541 8541 8547 8547 8546 8546 8552 8552 8551 8551 8557 8557 8556 8556 8562 8562 8561 8561 8567 8567 8566 8566 8572 8572 8571 8571 8577 8577 8576 8576 8582 8582 8581 8581 8587 8587 8586 8586 0 0 0 0
8591 8591 8592 8592 8596 8596 8597 8597 8601 8601 8602 8602 8606 8606 8607 8607 8611 8611 8612 8612 8616 8616 8617 8617 8621 8621 8622 8622 8626 8626 8627 8627 8631 8631 8632 8632 8636 8636 8637 8637 8641 8641 8642 8642 8646 8646 8647 8647 8651 8651 8652 8652 0 0 0 0
8591 8591 8592 8592 8596 8596 8597 8597 8601 8601 8602 8602 8606 8606 8607 8607 8611 8611 8612 8612 8616 8616 8617 8617 8621 8621 8622 8622 8626 8626 8627 8627 8631 8631 8632 8632 8636 8636 8637 8637 8641 8641 8642 8642 8646 8646 8647 8647 8651 8651 8652 8652 0 0 0 0
8592 8592 8591 8591 8597 8597 8596 8596 8602 8602 8601 8601 8607 8607 8606 8606 8612 8612 8611 8611 8617 8617 8616 8616 8622 8622 8621 8621 8627 8627 8626 8626 8632 8632 8631 8631 8637 8637 8636 8636 8642 8642 8641 8641 8647 8647 8646 8646 8652 8652 8651 8651 0 0 0 0
8592 8592 8591 8591 8597 8597 8596 8596 8602 8602 8601 8601 8607 8607 8606 8606 8612 8612 8611 8611 8617 8617 8616 8616 8622 8622 8621 8621 8627 8627 8626 8626 8632 8632 8631 8631 8637 8637 8636 8636 8642 8642 8641 8641 8647 8647 8646 8646 8652 8652 8651 8651 0 0 0 0
8656 8656 8657 8657 661 661 661 661 666 666 666 666 671 671 671 671 676 676 676 676 0 0 0 0 0 0 0 0 0 0 0 0 0 0 0 0 0 0 0 0 0 0 0 0 0 0 0 0 0 0 0 0 0 0 0 0
8656 8656 8657 8657 682 682 687 687 692 692 697 697 702 702 707 707 712 712 0 0 0 0 0 0 0 0 0 0 0 0 0 0 0 0 0 0 0 0 0 0 0 0 0 0 0 0 0 0 0 0 0 0 0 0 0 0
8657 8657 8656 8656 682 682 687 687 692 692 697 697 702 702 707 707 712 712 0 0 0 0 0 0 0 0 0 0 0 0 0 0 0 0 0 0 0 0 0 0 0 0 0 0 0 0 0 0 0 0 0 0 0 0 0 0
8657 8657 8656 8656 0 0 0 0 0 0 0 0 0 0 0 0 0 0 0 0 0 0 0 0 0 0 0 0 0 0 0 0 0 0 0 0 0 0 0 0 0 0 0 0 0 0 0 0 0 0 0 0 0 0 0 0
0 0 0 0 0 0 0 0 0 0 0 0 0 0 0 0 0 0 0 0 0 0 0 0 0 0 0 0 0 0 0 0 0 0 0 0 0 0 0 0 0 0 0 0 0 0 0 0 0 0 0 0 0 0 0 0
0 0 0 0 0 0 0 0 0 0 0 0 0 0 0 0 0 0 0 0 0 0 0 0 0 0 0 0 0 0 0 0 0 0 0 0 0 0 0 0 0 0 0 0 0 0 0 0 0 0 0 0 0 0 0 0
0 0 0 0 0 0 0 0 0 0 0 0 0 0 0 0 0 0 0 0 0 0 0 0 0 0 0 0 0 0 0 0 0 0 0 0 0 0 0 0 0 0 0 0 0 0 0 0 0 0 0 0 0 0 0 0
0 0 0 0 0 0 0 0 0 0 0 0 0 0 0 0 0 0 0 0 0 0 0 0 0 0 0 0 0 0 0 0 0 0 0 0 0 0 0 0 0 0 0 0 0 0 0 0 0 0 0 0 0 0 0 0
0 0 0 0 0 0 0 0 0 0 0 0 0 0 0 0 0 0 0 0 0 0 0 0 0 0 0 0 0 0 0 0 0 0 0 0 0 0 0 0 0 0 0 0 0 0 0 0 0 0 0 0 0 0 0 0
0 0 0 0 0 0 0 0 0 0 0 0 0 0 0 0 0 0 0 0 0 0 0 0 0 0 0 0 0 0 0 0 0 0 0 0 0 0 0 0 0 0 0 0 0 0 0 0 0 0 0 0 0 0 0 0
0 0 0 0 0 0 0 0 0 0 0 0 0 0 0 0 0 0 0 0 0 0 0 0 0 0 0 0 0 0 0 0 0 0 0 0 0 0 0 0 0 0 0 0 0 0 0 0 0 0 0 0 0 0 0 0
0 0 0 0 0 0 0 0 0 0 0 0 0 0 0 0 0 0 0 0 0 0 0 0 0 0 0 0 0 0 0 0 0 0 0 0 0 0 0 0 0 0 0 0 0 0 0 0 0 0 0 0 0 0 0 0
0 0 0 0 0 0 0 0 0 0 0 0 0 0 0 0 0 0 0 0 0 0 0 0 0 0 0 0 0 0 0 0 0 0 0 0 0 0 0 0 0 0 0 0 0 0 0 0 0 0 0 0 0 0 0 0
0 0 0 0 0 0 0 0 0 0 0 0 0 0 0 0 0 0 0 0 0 0 0 0 0 0 0 0 0 0 0 0 0 0 0 0 0 0 0 0 0 0 0 0 0 0 0 0 0 0 0 0 0 0 0 0
0 0 0 0 0 0 0 0 0 0 0 0 0 0 0 0 0 0 0 0 0 0 0 0 0 0 0 0 0 0 0 0 0 0 0 0 0 0 0 0 0 0 0 0 0 0 0 0 0 0 0 0 0 0 0 0
0 0 0 0 0 0 0 0 0 0 0 0 0 0 0 0 0 0 0 0 0 0 0 0 0 0 0 0 0 0 0 0 0 0 0 0 0 0 0 0 0 0 0 0 0 0 0 0 0 0 0 0 0 0 0 0
