800904
Zlaganje

71
54 54
5004 5004 5004 5005 5009 5009 5009 5010 5024 5024 5024 5025 5034 5034 5034 5035 5044 5044 5044 5045 5054 5054 5054 5055 5064 5064 5064 5065 5074 5074 5074 5075 5084 5084 5084 5085 5094 5094 5094 5095 5104 5104 5104 5105 5114 5114 5114 5115 5124 5124 5124 5125 0 0
5005 5005 5004 5005 5010 5010 5009 5010 5025 5025 5024 5025 5035 5035 5034 5035 5045 5045 5044 5045 5055 5055 5054 5055 5065 5065 5064 5065 5075 5075 5074 5075 5085 5085 5084 5085 5095 5095 5094 5095 5105 5105 5104 5105 5115 5115 5114 5115 5125 5125 5124 5125 0 0
5005 5004 5005 5005 5010 5009 5010 5010 5025 5024 5025 5025 5035 5034 5035 5035 5045 5044 5045 5045 5055 5054 5055 5055 5065 5064 5065 5065 5075 5074 5075 5075 5085 5084 5085 5085 5095 5094 5095 5095 5105 5104 5105 5105 5115 5114 5115 5115 5125 5124 5125 5125 0 0
5005 5004 5004 5004 5010 5009 5009 5009 5025 5024 5024 5024 5035 5034 5034 5034 5045 5044 5044 5044 5055 5054 5054 5054 5065 5064 5064 5064 5075 5074 5074 5074 5085 5084 5084 5084 5095 5094 5094 5094 5105 5104 5104 5104 5115 5114 5114 5114 5125 5124 5124 5124 0 0
5014 5014 5014 5015 5019 5019 5019 5020 5029 5029 5029 5030 5039 5039 5039 5040 5049 5049 5049 5050 5059 5059 5059 5060 5069 5069 5069 5070 5079 5079 5079 5080 5089 5089 5089 5090 5099 5099 5099 5100 5109 5109 5109 5110 5119 5119 5119 5120 5129 5129 5129 5130 0 0
5015 5015 5014 5015 5020 5020 5019 5020 5030 5030 5029 5030 5040 5040 5039 5040 5050 5050 5049 5050 5060 5060 5059 5060 5070 5070 5069 5070 5080 5080 5079 5080 5090 5090 5089 5090 5100 5100 5099 5100 5110 5110 5109 5110 5120 5120 5119 5120 5130 5130 5129 5130 0 0
5015 5014 5015 5015 5020 5019 5020 5020 5030 5029 5030 5030 5040 5039 5040 5040 5050 5049 5050 5050 5060 5059 5060 5060 5070 5069 5070 5070 5080 5079 5080 5080 5090 5089 5090 5090 5100 5099 5100 5100 5110 5109 5110 5110 5120 5119 5120 5120 5130 5129 5130 5130 0 0
5015 5014 5014 5014 5020 5019 5019 5019 5030 5029 5029 5029 5040 5039 5039 5039 5050 5049 5049 5049 5060 5059 5059 5059 5070 5069 5069 5069 5080 5079 5079 5079 5090 5089 5089 5089 5100 5099 5099 5099 5110 5109 5109 5109 5120 5119 5119 5119 5130 5129 5129 5129 0 0
5134 5134 5134 5135 5139 5139 5139 5140 5144 5144 5144 5145 5149 5149 5149 5150 5154 5154 5154 5155 5159 5159 5159 5160 5164 5164 5164 5165 5169 5169 5169 5170 5174 5174 5174 5175 5179 5179 5179 5180 5184 5184 5184 5185 5189 5189 5189 5190 5194 5194 5194 5195 0 0
5135 5135 5134 5135 5140 5140 5139 5140 5145 5145 5144 5145 5150 5150 5149 5150 5155 5155 5154 5155 5160 5160 5159 5160 5165 5165 5164 5165 5170 5170 5169 5170 5175 5175 5174 5175 5180 5180 5179 5180 5185 5185 5184 5185 5190 5190 5189 5190 5195 5195 5194 5195 0 0
5135 5134 5135 5135 5140 5139 5140 5140 5145 5144 5145 5145 5150 5149 5150 5150 5155 5154 5155 5155 5160 5159 5160 5160 5165 5164 5165 5165 5170 5169 5170 5170 5175 5174 5175 5175 5180 5179 5180 5180 5185 5184 5185 5185 5190 5189 5190 5190 5195 5194 5195 5195 0 0
5135 5134 5134 5134 5140 5139 5139 5139 5145 5144 5144 5144 5150 5149 5149 5149 5155 5154 5154 5154 5160 5159 5159 5159 5165 5164 5164 5164 5170 5169 5169 5169 5175 5174 5174 5174 5180 5179 5179 5179 5185 5184 5184 5184 5190 5189 5189 5189 5195 5194 5194 5194 0 0
5199 5199 5199 5200 5204 5204 5204 5205 5209 5209 5209 5210 5214 5214 5214 5215 5219 5219 5219 5220 5224 5224 5224 5225 5229 5229 5229 5230 5234 5234 5234 5235 5239 5239 5239 5240 5244 5244 5244 5245 5249 5249 5249 5250 5254 5254 5254 5255 5259 5259 5259 5260 0 0
5200 5200 5199 5200 5205 5205 5204 5205 5210 5210 5209 5210 5215 5215 5214 5215 5220 5220 5219 5220 5225 5225 5224 5225 5230 5230 5229 5230 5235 5235 5234 5235 5240 5240 5239 5240 5245 5245 5244 5245 5250 5250 5249 5250 5255 5255 5254 5255 5260 5260 5259 5260 0 0
5200 5199 5200 5200 5205 5204 5205 5205 5210 5209 5210 5210 5215 5214 5215 5215 5220 5219 5220 5220 5225 5224 5225 5225 5230 5229 5230 5230 5235 5234 5235 5235 5240 5239 5240 5240 5245 5244 5245 5245 5250 5249 5250 5250 5255 5254 5255 5255 5260 5259 5260 5260 0 0
5200 5199 5199 5199 5205 5204 5204 5204 5210 5209 5209 5209 5215 5214 5214 5214 5220 5219 5219 5219 5225 5224 5224 5224 5230 5229 5229 5229 5235 5234 5234 5234 5240 5239 5239 5239 5245 5244 5244 5244 5250 5249 5249 5249 5255 5254 5254 5254 5260 5259 5259 5259 0 0
5264 5264 5264 5265 5269 5269 5269 5270 5274 5274 5274 5275 5279 5279 5279 5280 5284 5284 5284 5285 5289 5289 5289 5290 5294 5294 5294 5295 5299 5299 5299 5300 5304 5304 5304 5305 5309 5309 5309 5310 5314 5314 5314 5315 5319 5319 5319 5320 326 326 326 326 0 0
5265 5265 5264 5265 5270 5270 5269 5270 5275 5275 5274 5275 5280 5280 5279 5280 5285 5285 5284 5285 5290 5290 5289 5290 5295 5295 5294 5295 5300 5300 5299 5300 5305 5305 5304 5305 5310 5310 5309 5310 5315 5315 5314 5315 5320 5320 5319 5320 331 331 331 331 0 0
5265 5264 5265 5265 5270 5269 5270 5270 5275 5274 5275 5275 5280 5279 5280 5280 5285 5284 5285 5285 5290 5289 5290 5290 5295 5294 5295 5295 5300 5299 5300 5300 5305 5304 5305 5305 5310 5309 5310 5310 5315 5314 5315 5315 5320 5319 5320 5320 338 338 338 0 0 0
5265 5264 5264 5264 5270 5269 5269 5269 5275 5274 5274 5274 5280 5279 5279 5279 5285 5284 5284 5284 5290 5289 5289 5289 5295 5294 5294 5294 5300 5299 5299 5299 5305 5304 5304 5304 5310 5309 5309 5309 5315 5314 5314 5314 5320 5319 5319 5319 338 343 0 0 0 0
0 662 662 657 657 652 652 437 425 425 425 420 420 420 415 415 415 410 410 410 405 405 405 395 395 395 389 384 384 384 379 374 374 374 369 364 364 364 358 358 358 353 353 353 348 348 348 343 343 343 0 0 0 0
662 662 657 657 652 652 647 437 437 425 432 432 420 442 442 415 447 447 410 452 452 405 457 457 395 400 389 389 389 384 379 379 379 374 369 369 369 364 358 462 462 353 467 467 348 472 472 477 477 482 482 0 0 0
0 782 782 777 777 667 647 647 437 432 432 487 442 442 492 447 447 502 452 452 517 457 457 532 400 400 400 547 547 552 552 557 557 562 562 567 567 582 462 462 592 467 467 612 472 472 477 477 482 482 0 0 0 0
782 782 777 777 772 667 667 647 642 642 627 487 487 497 492 492 507 502 502 522 517 517 537 532 532 572 547 547 552 552 557 557 562 562 567 567 587 582 582 597 592 592 617 612 612 1027 0 0 1242 1242 0 0 0 0
0 842 842 787 772 772 667 642 642 637 627 627 487 497 497 492 507 507 502 522 522 517 537 537 532 572 572 0 1087 1087 1092 1092 1097 1097 0 607 587 587 582 597 597 592 617 617 612 1027 1027 1242 1242 0 0 0 0 0
842 842 837 787 787 772 767 767 672 637 637 627 632 632 497 512 512 507 527 527 522 542 542 537 577 577 572 1087 1087 1092 1092 1097 1097 0 0 607 607 587 602 602 597 622 622 617 1252 0 1027 1247 1247 1302 1302 0 0 0
0 847 837 837 787 767 767 762 672 672 637 632 632 677 512 512 682 527 527 692 542 542 707 577 577 717 717 1077 1077 1102 1102 1107 1107 1427 1427 0 607 602 602 732 622 622 737 737 1252 1252 1247 1247 1302 1302 0 0 0 0
947 847 847 837 832 832 792 762 762 672 742 742 747 677 677 687 682 682 697 692 692 712 707 707 717 717 1077 1077 1102 1102 1107 1107 1427 1427 1432 1432 1437 1437 797 732 732 737 737 1267 0 1252 1257 1257 1297 0 0 0 0 0
947 947 847 832 832 827 792 792 762 742 742 752 747 747 677 687 687 682 697 697 692 712 712 707 722 722 1072 1072 1112 1112 1117 1117 1422 1432 1432 1437 1437 0 797 797 732 802 802 1267 1267 1257 1257 1292 1297 1297 0 0 0 0
0 947 942 942 852 827 827 792 807 807 812 752 752 747 757 757 687 702 702 697 727 727 712 722 722 1072 1072 1112 1112 1117 1117 1412 1422 1422 0 0 0 0 1317 797 802 802 1272 1272 1267 1277 1277 1292 1292 1297 0 0 0 0
977 942 942 937 852 852 827 807 807 817 812 812 752 757 757 857 702 702 872 727 727 887 887 892 892 1067 1067 1122 1122 1127 1127 1412 1412 1422 1557 0 0 0 1317 1317 1312 1272 1272 1282 1277 1277 1287 1287 1292 0 0 0 0 0
977 977 972 937 937 852 907 907 912 817 817 812 822 822 862 857 857 877 872 872 887 887 892 892 1067 1067 1122 1122 1127 1127 1407 1407 1412 1542 1557 1557 0 0 0 1317 1312 1312 1307 1282 1282 1287 1287 0 0 0 0 0 0 0
0 977 972 972 937 907 907 917 912 912 817 822 822 867 862 862 857 877 877 872 897 897 902 902 1062 0 1217 0 1402 1407 1407 1417 1417 1542 1542 1557 0 0 0 0 0 1312 1307 1307 1282 1322 1322 0 0 0 0 0 0 0
0 1017 1017 972 982 982 987 917 917 912 922 922 927 867 867 862 882 882 877 897 897 902 902 1057 1062 1062 1217 1217 1402 1402 1417 1417 1537 1537 1542 0 0 0 0 0 0 0 0 1307 1322 1322 0 0 0 0 0 0 0 0
1017 1017 1012 982 982 992 987 987 917 922 922 932 927 927 867 882 882 957 957 962 962 967 967 1057 1057 1062 1202 1217 1397 1402 1532 1537 1537 1547 1547 0 0 0 0 0 0 0 0 0 0 0 0 0 0 0 0 0 0 0
0 1022 1012 1012 1007 992 992 987 997 997 1002 932 932 927 952 952 957 957 962 962 967 967 1052 1052 1057 1197 1202 1202 1397 1397 1532 1532 1547 1547 0 0 0 0 0 0 0 0 0 0 0 0 0 0 0 0 0 0 0 0
1137 1022 1022 1012 1007 1007 992 997 997 1032 1002 1002 932 952 952 1037 1037 1042 1042 1047 1047 1052 1052 1142 1142 1197 1197 1202 1392 1397 1527 1532 0 0 0 0 0 0 0 0 0 0 0 0 0 0 0 0 0 0 0 0 0 0
1137 1137 1022 1132 1132 1007 1152 1152 1157 1032 1032 1002 1082 1082 1037 1037 1042 1042 1047 1047 1147 1147 1142 1142 1192 1192 1197 1382 1392 1392 1527 1527 0 0 0 0 0 0 0 0 0 0 0 0 0 0 0 0 0 0 0 0 0 0
0 1137 1132 1132 1167 1152 1152 1162 1157 1157 1032 1082 1082 1172 1172 1177 1177 1182 1182 1147 1147 1187 1187 1192 1192 1227 1227 1382 1382 1392 1522 1527 0 0 0 0 0 0 0 0 0 0 0 0 0 0 0 0 0 0 0 0 0 0
0 1337 1337 1237 1167 1167 1207 1162 1162 1157 1212 1212 1172 1172 1177 1177 1182 1182 1222 1222 1187 1187 1232 1232 1227 1227 1377 1377 1382 1517 1522 1522 0 0 0 0 0 0 0 0 0 0 0 0 0 0 0 0 0 0 0 0 0 0
1337 1337 1332 1237 1237 1167 1207 1207 1162 1212 1212 1342 1342 1347 1347 1352 1352 1222 1222 1262 1262 1232 1232 1367 1367 1377 1377 1442 1442 1517 1517 1522 0 0 0 0 0 0 0 0 0 0 0 0 0 0 0 0 0 0 0 0 0 0
0 1462 1332 1332 1237 1327 1327 1207 1357 1357 1342 1342 1347 1347 1352 1352 1362 1362 1262 1262 1372 1372 1367 1367 1447 1447 1442 1442 1512 1512 1517 0 0 0 0 0 0 0 0 0 0 0 0 0 0 0 0 0 0 0 0 0 0 0
0 1462 1462 1332 1327 1327 1467 1357 1357 1472 1472 1477 1477 1482 1482 1362 1362 1387 1387 1372 1372 1452 1452 1447 1447 1492 1492 1512 1512 0 0 0 0 0 0 0 0 0 0 0 0 0 0 0 0 0 0 0 0 0 0 0 0 0
0 0 1462 0 0 0 1467 1467 1472 1472 1477 1477 1482 1482 1487 1487 1387 1387 1457 1457 1452 1452 1497 1497 1492 1492 0 0 0 0 0 0 0 0 0 0 0 0 0 0 0 0 0 0 0 0 0 0 0 0 0 0 0 0
0 0 0 0 0 0 0 1467 0 0 0 0 0 1487 1487 1502 1502 1457 1457 1507 1507 1497 1497 0 0 0 0 0 0 0 0 0 0 0 0 0 0 0 0 0 0 0 0 0 0 0 0 0 0 0 0 0 0 0
0 0 0 0 0 0 0 0 0 0 0 0 0 0 1502 1502 1552 1552 1507 1507 0 0 0 0 0 0 0 0 0 0 0 0 0 0 0 0 0 0 0 0 0 0 0 0 0 0 0 0 0 0 0 0 0 0
0 0 0 0 0 0 0 0 0 0 0 0 0 0 0 1552 1552 0 0 0 0 0 0 0 0 0 0 0 0 0 0 0 0 0 0 0 0 0 0 0 0 0 0 0 0 0 0 0 0 0 0 0 0 0
0 0 0 0 0 0 0 0 0 0 0 0 0 0 0 0 0 0 0 0 0 0 0 0 0 0 0 0 0 0 0 0 0 0 0 0 0 0 0 0 0 0 0 0 0 0 0 0 0 0 0 0 0 0
0 0 0 0 0 0 0 0 0 0 0 0 0 0 0 0 0 0 0 0 0 0 0 0 0 0 0 0 0 0 0 0 0 0 0 0 0 0 0 0 0 0 0 0 0 0 0 0 0 0 0 0 0 0
0 0 0 0 0 0 0 0 0 0 0 0 0 0 0 0 0 0 0 0 0 0 0 0 0 0 0 0 0 0 0 0 0 0 0 0 0 0 0 0 0 0 0 0 0 0 0 0 0 0 0 0 0 0
0 0 0 0 0 0 0 0 0 0 0 0 0 0 0 0 0 0 0 0 0 0 0 0 0 0 0 0 0 0 0 0 0 0 0 0 0 0 0 0 0 0 0 0 0 0 0 0 0 0 0 0 0 0
0 0 0 0 0 0 0 0 0 0 0 0 0 0 0 0 0 0 0 0 0 0 0 0 0 0 0 0 0 0 0 0 0 0 0 0 0 0 0 0 0 0 0 0 0 0 0 0 0 0 0 0 0 0
0 0 0 0 0 0 0 0 0 0 0 0 0 0 0 0 0 0 0 0 0 0 0 0 0 0 0 0 0 0 0 0 0 0 0 0 0 0 0 0 0 0 0 0 0 0 0 0 0 0 0 0 0 0
0 0 0 0 0 0 0 0 0 0 0 0 0 0 0 0 0 0 0 0 0 0 0 0 0 0 0 0 0 0 0 0 0 0 0 0 0 0 0 0 0 0 0 0 0 0 0 0 0 0 0 0 0 0
