800904
Zlaganje

72
49 49
5004 5004 5004 5005 5009 5009 5009 5010 5024 5024 5024 5025 5034 5034 5034 5035 5044 5044 5044 5045 5054 5054 5054 5055 5064 5064 5064 5065 5074 5074 5074 5075 5084 5084 5084 5085 5094 5094 5094 5095 109 109 129 129 0 0 0 0 0
5005 5005 5004 5005 5010 5010 5009 5010 5025 5025 5024 5025 5035 5035 5034 5035 5045 5045 5044 5045 5055 5055 5054 5055 5065 5065 5064 5065 5075 5075 5074 5075 5085 5085 5084 5085 5095 5095 5094 5095 109 114 129 134 0 0 0 0 0
5005 5004 5005 5005 5010 5009 5010 5010 5025 5024 5025 5025 5035 5034 5035 5035 5045 5044 5045 5045 5055 5054 5055 5055 5065 5064 5065 5065 5075 5074 5075 5075 5085 5084 5085 5085 5095 5094 5095 5095 109 114 129 134 0 0 0 0 0
5005 5004 5004 5004 5010 5009 5009 5009 5025 5024 5024 5024 5035 5034 5034 5034 5045 5044 5044 5044 5055 5054 5054 5054 5065 5064 5064 5064 5075 5074 5074 5074 5085 5084 5084 5084 5095 5094 5094 5094 114 114 134 134 0 0 0 0 0
5014 5014 5014 5015 5019 5019 5019 5020 5029 5029 5029 5030 5039 5039 5039 5040 5049 5049 5049 5050 5059 5059 5059 5060 5069 5069 5069 5070 5079 5079 5079 5080 5089 5089 5089 5090 5099 5099 5099 5100 119 119 139 139 146 0 0 0 0
5015 5015 5014 5015 5020 5020 5019 5020 5030 5030 5029 5030 5040 5040 5039 5040 5050 5050 5049 5050 5060 5060 5059 5060 5070 5070 5069 5070 5080 5080 5079 5080 5090 5090 5089 5090 5100 5100 5099 5100 119 124 139 146 146 0 0 0 0
5015 5014 5015 5015 5020 5019 5020 5020 5030 5029 5030 5030 5040 5039 5040 5040 5050 5049 5050 5050 5060 5059 5060 5060 5070 5069 5070 5070 5080 5079 5080 5080 5090 5089 5090 5090 5100 5099 5100 5100 119 124 139 146 151 0 0 0 0
5015 5014 5014 5014 5020 5019 5019 5019 5030 5029 5029 5029 5040 5039 5039 5039 5050 5049 5049 5049 5060 5059 5059 5059 5070 5069 5069 5069 5080 5079 5079 5079 5090 5089 5089 5089 5100 5099 5099 5099 124 124 156 151 151 0 0 0 0
256 256 251 251 246 246 241 241 236 236 231 231 226 226 221 221 216 216 211 211 206 206 201 201 196 196 191 191 186 186 181 181 176 176 171 171 166 166 161 161 0 156 156 151 261 0 0 0 0
0 256 256 251 251 246 246 241 241 236 236 231 231 226 226 221 221 216 216 211 211 206 206 201 201 196 196 191 191 186 186 181 181 176 176 171 171 166 166 161 161 156 266 261 261 0 0 0 0
366 366 361 361 356 356 351 351 346 346 341 341 336 336 331 331 326 326 321 321 316 316 311 311 306 306 301 301 296 296 291 291 286 286 281 281 276 276 271 271 0 266 266 261 371 0 0 0 0
0 366 366 361 361 356 356 351 351 346 346 341 341 336 336 331 331 326 326 321 321 316 316 311 311 306 306 301 301 296 296 291 291 286 286 281 281 276 276 271 271 266 376 371 371 0 0 0 0
476 476 471 471 466 466 461 461 456 456 451 451 446 446 441 441 436 436 431 431 426 426 421 421 416 416 411 411 406 406 401 401 396 396 391 391 386 386 381 381 0 376 376 371 481 0 0 0 0
0 476 476 471 471 466 466 461 461 456 456 451 451 446 446 441 441 436 436 431 431 426 426 421 421 416 416 411 411 406 406 401 401 396 396 391 391 386 386 381 381 376 486 481 481 0 0 0 0
586 586 581 581 576 576 571 571 566 566 561 561 556 556 551 551 546 546 541 541 536 536 531 531 526 526 521 521 516 516 511 511 506 506 501 501 496 496 491 491 0 486 486 481 591 0 0 0 0
0 586 586 581 581 576 576 571 571 566 566 561 561 556 556 551 551 546 546 541 541 536 536 531 531 526 526 521 521 516 516 511 511 506 506 501 501 496 496 491 491 486 596 591 591 0 0 0 0
696 696 691 691 686 686 681 681 676 676 671 671 666 666 661 661 656 656 651 651 646 646 641 641 636 636 631 631 626 626 621 621 616 616 611 611 606 606 601 601 0 596 596 591 701 0 0 0 0
0 696 696 691 691 686 686 681 681 676 676 671 671 666 666 661 661 656 656 651 651 646 646 641 641 636 636 631 631 626 626 621 621 616 616 611 611 606 606 601 601 596 706 701 701 0 0 0 0
806 806 801 801 796 796 791 791 786 786 781 781 776 776 771 771 766 766 761 761 756 756 751 751 746 746 741 741 736 736 731 731 726 726 721 721 716 716 711 711 0 706 706 701 811 0 0 0 0
0 806 806 801 801 796 796 791 791 786 786 781 781 776 776 771 771 766 766 761 761 756 756 751 751 746 746 741 741 736 736 731 731 726 726 721 721 716 716 711 711 706 816 811 811 0 0 0 0
916 916 911 911 906 906 901 901 896 896 891 891 886 886 881 881 876 876 871 871 866 866 861 861 856 856 851 851 846 846 841 841 836 836 831 831 826 826 821 821 0 816 816 811 921 0 0 0 0
0 916 916 911 911 906 906 901 901 896 896 891 891 886 886 881 881 876 876 871 871 866 866 861 861 856 856 851 851 846 846 841 841 836 836 831 831 826 826 821 821 816 926 921 921 0 0 0 0
1026 1026 1021 1021 1016 1016 1011 1011 1006 1006 1001 1001 996 996 991 991 986 986 981 981 976 976 971 971 966 966 961 961 956 956 951 951 946 946 941 941 936 936 931 931 0 926 926 921 1031 0 0 0 0
0 1026 1026 1021 1021 1016 1016 1011 1011 1006 1006 1001 1001 996 996 991 991 986 986 981 981 976 976 971 971 966 966 961 961 956 956 951 951 946 946 941 941 936 936 931 931 926 1036 1031 1031 0 0 0 0
1136 1136 1131 1131 1126 1126 1121 1121 1116 1116 1111 1111 1106 1106 1101 1101 1096 1096 1091 1091 1086 1086 1081 1081 1076 1076 1071 1071 1066 1066 1061 1061 1056 1056 1051 1051 1046 1046 1041 1041 0 1036 1036 1031 1141 0 0 0 0
0 1136 1136 1131 1131 1126 1126 1121 1121 1116 1116 1111 1111 1106 1106 1101 1101 1096 1096 1091 1091 1086 1086 1081 1081 1076 1076 1071 1071 1066 1066 1061 1061 1056 1056 1051 1051 1046 1046 1041 1041 1036 1146 1141 1141 0 0 0 0
1246 1246 1241 1241 1236 1236 1231 1231 1226 1226 1221 1221 1216 1216 1211 1211 1206 1206 1201 1201 1196 1196 1191 1191 1186 1186 1181 1181 1176 1176 1171 1171 1166 1166 1161 1161 1156 1156 1151 1151 0 1146 1146 1141 1251 0 0 0 0
0 1246 1246 1241 1241 1236 1236 1231 1231 1226 1226 1221 1221 1216 1216 1211 1211 1206 1206 1201 1201 1196 1196 1191 1191 1186 1186 1181 1181 1176 1176 1171 1171 1166 1166 1161 1161 1156 1156 1151 1151 1146 1256 1251 1251 0 0 0 0
1356 1356 1351 1351 1346 1346 1341 1341 1336 1336 1331 1331 1326 1326 1321 1321 1316 1316 1311 1311 1306 1306 1301 1301 1296 1296 1291 1291 1286 1286 1281 1281 1276 1276 1271 1271 1266 1266 1261 1261 0 1256 1256 1251 1361 0 0 0 0
0 1356 1356 1351 1351 1346 1346 1341 1341 1336 1336 1331 1331 1326 1326 1321 1321 1316 1316 1311 1311 1306 1306 1301 1301 1296 1296 1291 1291 1286 1286 1281 1281 1276 1276 1271 1271 1266 1266 1261 1261 1256 1366 1361 1361 0 0 0 0
1466 1466 1461 1461 1456 1456 1451 1451 1446 1446 1441 1441 1436 1436 1431 1431 1426 1426 1421 1421 1416 1416 1411 1411 1406 1406 1401 1401 1396 1396 1391 1391 1386 1386 1381 1381 1376 1376 1371 1371 0 1366 1366 1361 1471 0 0 0 0
0 1466 1466 1461 1461 1456 1456 1451 1451 1446 1446 1441 1441 1436 1436 1431 1431 1426 1426 1421 1421 1416 1416 1411 1411 1406 1406 1401 1401 1396 1396 1391 1391 1386 1386 1381 1381 1376 1376 1371 1371 1366 1476 1471 1471 0 0 0 0
1576 1576 1571 1571 1566 1566 1561 1561 1556 1556 1551 1551 1546 1546 1541 1541 1536 1536 1531 1531 1526 1526 1521 1521 1516 1516 1511 1511 1506 1506 1501 1501 1496 1496 1491 1491 1486 1486 1481 1481 0 1476 1476 1471 1581 0 0 0 0
0 1576 1576 1571 1571 1566 1566 1561 1561 1556 1556 1551 1551 1546 1546 1541 1541 1536 1536 1531 1531 1526 1526 1521 1521 1516 1516 1511 1511 1506 1506 1501 1501 1496 1496 1491 1491 1486 1486 1481 1481 1476 1586 1581 1581 0 0 0 0
0 0 0 0 0 0 0 0 0 0 0 0 0 0 0 0 0 0 0 0 0 0 1631 1631 1626 1626 1621 1621 1616 1616 1611 1611 1606 1606 1601 1601 1596 1596 1591 1591 0 1586 1586 1581 0 0 0 0 0
0 0 0 0 0 0 0 0 0 0 0 0 0 0 0 0 0 0 0 0 0 0 0 1631 1631 1626 1626 1621 1621 1616 1616 1611 1611 1606 1606 1601 1601 1596 1596 1591 1591 1586 0 0 0 0 0 0 0
0 0 0 0 0 0 0 0 0 0 0 0 0 0 0 0 0 0 0 0 0 0 0 0 0 0 0 0 0 0 0 0 0 0 0 0 0 0 0 0 0 0 0 0 0 0 0 0 0
0 0 0 0 0 0 0 0 0 0 0 0 0 0 0 0 0 0 0 0 0 0 0 0 0 0 0 0 0 0 0 0 0 0 0 0 0 0 0 0 0 0 0 0 0 0 0 0 0
0 0 0 0 0 0 0 0 0 0 0 0 0 0 0 0 0 0 0 0 0 0 0 0 0 0 0 0 0 0 0 0 0 0 0 0 0 0 0 0 0 0 0 0 0 0 0 0 0
0 0 0 0 0 0 0 0 0 0 0 0 0 0 0 0 0 0 0 0 0 0 0 0 0 0 0 0 0 0 0 0 0 0 0 0 0 0 0 0 0 0 0 0 0 0 0 0 0
0 0 0 0 0 0 0 0 0 0 0 0 0 0 0 0 0 0 0 0 0 0 0 0 0 0 0 0 0 0 0 0 0 0 0 0 0 0 0 0 0 0 0 0 0 0 0 0 0
0 0 0 0 0 0 0 0 0 0 0 0 0 0 0 0 0 0 0 0 0 0 0 0 0 0 0 0 0 0 0 0 0 0 0 0 0 0 0 0 0 0 0 0 0 0 0 0 0
0 0 0 0 0 0 0 0 0 0 0 0 0 0 0 0 0 0 0 0 0 0 0 0 0 0 0 0 0 0 0 0 0 0 0 0 0 0 0 0 0 0 0 0 0 0 0 0 0
0 0 0 0 0 0 0 0 0 0 0 0 0 0 0 0 0 0 0 0 0 0 0 0 0 0 0 0 0 0 0 0 0 0 0 0 0 0 0 0 0 0 0 0 0 0 0 0 0
0 0 0 0 0 0 0 0 0 0 0 0 0 0 0 0 0 0 0 0 0 0 0 0 0 0 0 0 0 0 0 0 0 0 0 0 0 0 0 0 0 0 0 0 0 0 0 0 0
0 0 0 0 0 0 0 0 0 0 0 0 0 0 0 0 0 0 0 0 0 0 0 0 0 0 0 0 0 0 0 0 0 0 0 0 0 0 0 0 0 0 0 0 0 0 0 0 0
0 0 0 0 0 0 0 0 0 0 0 0 0 0 0 0 0 0 0 0 0 0 0 0 0 0 0 0 0 0 0 0 0 0 0 0 0 0 0 0 0 0 0 0 0 0 0 0 0
0 0 0 0 0 0 0 0 0 0 0 0 0 0 0 0 0 0 0 0 0 0 0 0 0 0 0 0 0 0 0 0 0 0 0 0 0 0 0 0 0 0 0 0 0 0 0 0 0
0 0 0 0 0 0 0 0 0 0 0 0 0 0 0 0 0 0 0 0 0 0 0 0 0 0 0 0 0 0 0 0 0 0 0 0 0 0 0 0 0 0 0 0 0 0 0 0 0
