800904
Zlaganje

73
58 58
6004 6003 6003 6003 6009 6008 6008 6008 6024 6023 6023 6023 7035 7035 7035 7036 7045 7045 7045 7046 7055 7055 7055 7056 7065 7065 7065 7066 7075 7075 7075 7076 7085 7085 7085 7086 7095 7095 7095 7096 7105 7105 7105 7106 7115 7115 7115 7116 7125 7125 7125 7126 7135 7135 7135 7136 0 0
6004 6003 6004 6004 6009 6008 6009 6009 6024 6023 6024 6024 7036 7035 7036 7036 7046 7045 7046 7046 7056 7055 7056 7056 7066 7065 7066 7066 7076 7075 7076 7076 7086 7085 7086 7086 7096 7095 7096 7096 7106 7105 7106 7106 7116 7115 7116 7116 7126 7125 7126 7126 7136 7135 7136 7136 0 0
6004 6004 6003 6004 6009 6009 6008 6009 6024 6024 6023 6024 7036 7036 7035 7036 7046 7046 7045 7046 7056 7056 7055 7056 7066 7066 7065 7066 7076 7076 7075 7076 7086 7086 7085 7086 7096 7096 7095 7096 7106 7106 7105 7106 7116 7116 7115 7116 7126 7126 7125 7126 7136 7136 7135 7136 0 0
6003 6003 6003 6004 6008 6008 6008 6009 6023 6023 6023 6024 7036 7035 7035 7035 7046 7045 7045 7045 7056 7055 7055 7055 7066 7065 7065 7065 7076 7075 7075 7075 7086 7085 7085 7085 7096 7095 7095 7095 7106 7105 7105 7105 7116 7115 7115 7115 7126 7125 7125 7125 7136 7135 7135 7135 0 0
6014 6013 6013 6013 6019 6018 6018 6018 7030 7030 7030 7031 7040 7040 7040 7041 7050 7050 7050 7051 7060 7060 7060 7061 7070 7070 7070 7071 7080 7080 7080 7081 7090 7090 7090 7091 7100 7100 7100 7101 7110 7110 7110 7111 7120 7120 7120 7121 7130 7130 7130 7131 7140 7140 7140 7141 0 0
6014 6013 6014 6014 6019 6018 6019 6019 7031 7030 7031 7031 7041 7040 7041 7041 7051 7050 7051 7051 7061 7060 7061 7061 7071 7070 7071 7071 7081 7080 7081 7081 7091 7090 7091 7091 7101 7100 7101 7101 7111 7110 7111 7111 7121 7120 7121 7121 7131 7130 7131 7131 7141 7140 7141 7141 0 0
6014 6014 6013 6014 6019 6019 6018 6019 7031 7031 7030 7031 7041 7041 7040 7041 7051 7051 7050 7051 7061 7061 7060 7061 7071 7071 7070 7071 7081 7081 7080 7081 7091 7091 7090 7091 7101 7101 7100 7101 7111 7111 7110 7111 7121 7121 7120 7121 7131 7131 7130 7131 7141 7141 7140 7141 0 0
6013 6013 6013 6014 6018 6018 6018 6019 7031 7030 7030 7030 7041 7040 7040 7040 7051 7050 7050 7050 7061 7060 7060 7060 7071 7070 7070 7070 7081 7080 7080 7080 7091 7090 7090 7090 7101 7100 7100 7100 7111 7110 7110 7110 7121 7120 7120 7120 7131 7130 7130 7130 7141 7140 7140 7140 0 0
7145 7145 7145 7146 7150 7150 7150 7151 7155 7155 7155 7156 7160 7160 7160 7161 7165 7165 7165 7166 7170 7170 7170 7171 7175 7175 7175 7176 7180 7180 7180 7181 7185 7185 7185 7186 7190 7190 7190 7191 7195 7195 7195 7196 7200 7200 7200 7201 7205 7205 7205 7206 7210 7210 7210 7211 0 0
7146 7145 7146 7146 7151 7150 7151 7151 7156 7155 7156 7156 7161 7160 7161 7161 7166 7165 7166 7166 7171 7170 7171 7171 7176 7175 7176 7176 7181 7180 7181 7181 7186 7185 7186 7186 7191 7190 7191 7191 7196 7195 7196 7196 7201 7200 7201 7201 7206 7205 7206 7206 7211 7210 7211 7211 0 0
7146 7146 7145 7146 7151 7151 7150 7151 7156 7156 7155 7156 7161 7161 7160 7161 7166 7166 7165 7166 7171 7171 7170 7171 7176 7176 7175 7176 7181 7181 7180 7181 7186 7186 7185 7186 7191 7191 7190 7191 7196 7196 7195 7196 7201 7201 7200 7201 7206 7206 7205 7206 7211 7211 7210 7211 0 0
7146 7145 7145 7145 7151 7150 7150 7150 7156 7155 7155 7155 7161 7160 7160 7160 7166 7165 7165 7165 7171 7170 7170 7170 7176 7175 7175 7175 7181 7180 7180 7180 7186 7185 7185 7185 7191 7190 7190 7190 7196 7195 7195 7195 7201 7200 7200 7200 7206 7205 7205 7205 7211 7210 7210 7210 0 0
7215 7215 7215 7216 7220 7220 7220 7221 7225 7225 7225 7226 7230 7230 7230 7231 7235 7235 7235 7236 7240 7240 7240 7241 7245 7245 7245 7246 7250 7250 7250 7251 7255 7255 7255 7256 7260 7260 7260 7261 7265 7265 7265 7266 7270 7270 7270 7271 7275 7275 7275 7276 7280 7280 7280 7281 0 0
7216 7215 7216 7216 7221 7220 7221 7221 7226 7225 7226 7226 7231 7230 7231 7231 7236 7235 7236 7236 7241 7240 7241 7241 7246 7245 7246 7246 7251 7250 7251 7251 7256 7255 7256 7256 7261 7260 7261 7261 7266 7265 7266 7266 7271 7270 7271 7271 7276 7275 7276 7276 7281 7280 7281 7281 0 0
7216 7216 7215 7216 7221 7221 7220 7221 7226 7226 7225 7226 7231 7231 7230 7231 7236 7236 7235 7236 7241 7241 7240 7241 7246 7246 7245 7246 7251 7251 7250 7251 7256 7256 7255 7256 7261 7261 7260 7261 7266 7266 7265 7266 7271 7271 7270 7271 7276 7276 7275 7276 7281 7281 7280 7281 0 0
7216 7215 7215 7215 7221 7220 7220 7220 7226 7225 7225 7225 7231 7230 7230 7230 7236 7235 7235 7235 7241 7240 7240 7240 7246 7245 7245 7245 7251 7250 7250 7250 7256 7255 7255 7255 7261 7260 7260 7260 7266 7265 7265 7265 7271 7270 7270 7270 7276 7275 7275 7275 7281 7280 7280 7280 0 0
7285 7285 7285 7286 7290 7290 7290 7291 7295 7295 7295 7296 7300 7300 7300 7301 7305 7305 7305 7306 7310 7310 7310 7311 7315 7315 7315 7316 7320 7320 7320 7321 326 326 326 326 331 331 331 331 336 336 336 336 369 369 369 379 384 384 389 389 389 399 0 0 0 0
7286 7285 7286 7286 7291 7290 7291 7291 7296 7295 7296 7296 7301 7300 7301 7301 7306 7305 7306 7306 7311 7310 7311 7311 7316 7315 7316 7316 7321 7320 7321 7321 343 343 343 348 353 353 353 358 363 363 363 374 374 374 369 379 384 394 394 394 389 399 0 0 0 0
7286 7286 7285 7286 7291 7291 7290 7291 7296 7296 7295 7296 7301 7301 7300 7301 7306 7306 7305 7306 7311 7311 7310 7311 7316 7316 7315 7316 7321 7321 7320 7321 343 348 348 348 353 358 358 358 363 405 405 405 410 374 379 379 384 431 431 394 399 399 0 0 0 0
7286 7285 7285 7285 7291 7290 7290 7290 7296 7295 7295 7295 7301 7300 7300 7300 7306 7305 7305 7305 7311 7310 7310 7310 7316 7315 7315 7315 7321 7320 7320 7320 415 415 415 420 425 436 436 441 441 0 405 410 410 410 451 451 446 446 431 431 456 0 0 0 0 0
0 536 536 531 531 526 526 521 521 516 516 511 511 506 506 501 501 496 496 491 491 486 486 481 481 476 476 471 471 466 466 461 461 415 420 420 425 425 436 436 441 441 551 546 546 541 541 451 451 446 446 456 456 571 0 0 0 0
801 801 536 536 531 531 526 526 521 521 516 516 511 511 506 506 501 501 496 496 491 491 486 486 481 481 476 476 471 471 466 466 461 461 561 420 425 591 596 596 0 551 551 556 546 546 541 541 576 566 566 456 571 571 0 0 0 0
0 801 801 796 796 791 791 786 786 781 781 776 776 771 771 766 766 761 761 756 756 751 751 746 746 741 741 736 736 731 731 0 0 561 561 586 591 591 601 596 596 551 556 556 621 0 631 576 576 581 566 566 571 1917 1917 0 0 0
811 811 806 806 796 796 791 791 786 786 781 781 776 776 771 771 766 766 761 761 756 756 751 751 746 746 741 741 736 736 731 731 726 561 586 586 591 601 601 611 616 616 556 621 621 631 631 576 581 581 641 1922 1917 1917 0 0 0 0
0 811 811 806 806 931 931 926 926 921 921 916 916 911 911 906 906 901 901 896 896 891 891 886 886 881 881 876 876 0 0 726 726 721 586 606 606 601 611 611 626 616 616 621 646 631 636 636 581 641 641 1922 1922 0 0 0 0 0
946 946 941 941 936 936 931 931 926 926 921 921 916 916 911 911 906 906 901 901 896 896 891 891 886 886 881 881 876 876 871 726 721 721 661 661 606 606 611 626 626 671 0 646 646 651 651 636 636 641 696 1927 1922 0 0 0 0 0
0 946 946 941 941 936 936 1051 1051 1046 1046 1041 1041 1036 1036 1031 1031 1026 1026 1021 1021 1016 1016 1011 1011 1006 1006 0 0 871 871 866 721 716 716 661 661 666 666 626 671 671 676 646 656 656 651 651 691 696 696 1927 1927 0 0 0 0 0
1071 1071 1066 1066 1061 1061 1056 1056 1051 1051 1046 1046 1041 1041 1036 1036 1031 1031 1026 1026 1021 1021 1016 1016 1011 1011 1006 1006 1001 871 866 866 816 816 716 716 706 706 666 666 671 676 676 681 681 656 656 691 691 696 1932 1932 1927 0 0 0 0 0
0 1071 1071 1066 1066 1061 1061 1056 1056 1181 1181 1176 1176 1171 1171 1166 1166 1161 1161 1156 1156 1151 1151 1146 1146 0 0 1001 1001 996 866 861 861 816 816 821 821 706 706 711 711 676 686 686 681 681 701 691 1937 1932 1932 0 0 0 0 0 0 0
1206 1206 1201 1201 1196 1196 1191 1191 1186 1186 1181 1181 1176 1176 1171 1171 1166 1166 1161 1161 1156 1156 1151 1151 1146 1146 1141 1001 996 996 951 951 861 861 851 851 821 821 826 826 711 711 831 686 686 701 701 841 1937 1937 0 0 0 0 0 0 0 0
0 1206 1206 1201 1201 1196 1196 1191 1191 1186 1186 1311 1311 1306 1306 1301 1301 1296 1296 1291 1291 1286 1286 0 0 1141 1141 1136 996 991 991 951 951 956 956 851 851 856 856 826 826 831 831 836 836 701 841 841 0 1937 0 0 0 0 0 0 0 0
1341 1341 1336 1336 1331 1331 1326 1326 1321 1321 1316 1316 1311 1311 1306 1306 1301 1301 1296 1296 1291 1291 1286 1286 1281 1141 1136 1136 1076 1076 991 991 981 981 956 956 961 961 856 856 966 831 846 846 836 836 841 1106 0 0 0 0 0 0 0 0 0 0
0 1341 1341 1336 1336 1331 1331 1326 1326 1321 1321 1316 1316 1441 1441 1436 1436 1431 1431 1426 1426 0 0 1281 1281 1276 1136 1131 1131 1076 1076 1081 1081 981 981 986 986 961 961 966 966 971 971 846 846 1101 1106 1106 0 0 0 0 0 0 0 0 0 0
1476 1476 1471 1471 1466 1466 1461 1461 1456 1456 1451 1451 1446 1446 1441 1441 1436 1436 1431 1431 1426 1426 1421 1281 1276 1276 1211 1211 1131 1131 1121 1121 1081 1081 1086 1086 986 986 1091 966 976 976 971 971 1101 1101 1106 1251 0 0 0 0 0 0 0 0 0 0
0 1476 1476 1471 1471 1466 1466 1461 1461 1456 1456 1451 1451 1446 1446 1571 1571 1566 1566 0 0 1421 1421 1416 1276 1271 1271 1211 1211 1216 1216 1121 1121 1126 1126 1086 1086 1091 1091 1096 1096 976 976 1111 1101 1246 1251 1251 0 0 0 0 0 0 0 0 0 0
1611 1611 1606 1606 1601 1601 1596 1596 1591 1591 1586 1586 1581 1581 1576 1576 1571 1571 1566 1566 1561 1421 1416 1416 1346 1346 1271 1271 1261 1261 1216 1216 1221 1221 1126 1126 1226 1091 1116 1116 1096 1096 1111 1111 1246 1246 1251 1391 0 0 0 0 0 0 0 0 0 0
0 1611 1611 1606 1606 1601 1601 1596 1596 1591 1591 1586 1586 1581 1581 1576 1576 1706 0 1561 1561 1556 1416 1411 1411 1346 1346 1351 1351 1261 1261 1266 1266 1221 1221 1226 1226 1231 1231 1116 1116 1236 1111 1256 1246 1386 1391 1391 0 0 0 0 0 0 0 0 0 0
0 1857 1857 1852 1852 1847 1847 1842 1842 1837 1837 1832 1832 1806 0 1716 1706 1706 1701 1561 1556 1556 1481 1481 1411 1411 1401 1401 1351 1351 1356 1356 1266 1266 1361 1226 1241 1241 1231 1231 1236 1236 1256 1256 1386 1386 1391 1531 0 0 0 0 0 0 0 0 0 0
1857 1857 1852 1852 1847 1847 1842 1842 1837 1837 1832 1832 1806 1806 1716 1716 1706 1701 1701 1696 1556 1551 1551 1481 1481 1486 1486 1401 1401 1406 1406 1356 1356 1361 1361 1366 1366 1241 1241 1371 1236 1376 1256 1396 1386 1526 1531 1531 0 0 0 0 0 0 0 0 0 0
0 0 0 0 0 0 0 0 0 0 0 0 1806 1801 1716 1711 1711 1701 1696 1696 1616 1616 1551 1551 1541 1541 1486 1486 1491 1491 1406 1406 1496 1361 1381 1381 1366 1366 1371 1371 1376 1376 1396 1396 1526 1526 1531 1671 0 0 0 0 0 0 0 0 0 0
0 0 0 0 0 0 0 0 0 0 0 0 1801 1801 1721 1721 1711 1711 1696 1691 1691 1616 1616 1621 1621 1541 1541 1546 1546 1491 1491 1496 1496 1501 1501 1381 1381 1506 1371 1511 1376 1516 1396 1536 1526 1666 1671 1671 0 0 0 0 0 0 0 0 0 0
0 0 0 0 0 0 0 0 0 0 0 0 1801 1791 1791 1721 1721 1781 1726 1726 1691 1691 1681 1681 1621 1621 1626 1626 1546 1546 1631 1496 1521 1521 1501 1501 1506 1506 1511 1511 1516 1516 1536 1536 1666 1666 1671 1816 0 0 0 0 0 0 0 0 0 0
0 0 0 0 0 0 0 0 0 0 0 0 0 0 1791 1791 1781 1781 1786 1726 1726 1731 1731 1681 1681 1686 1686 1626 1626 1631 1631 1636 1636 1521 1521 1641 1506 1646 1511 1651 1516 1656 1536 1676 1666 1811 1816 1816 0 0 0 0 0 0 0 0 0 0
0 0 0 0 0 0 0 0 0 0 0 0 0 0 1796 1796 1781 1786 1786 1826 0 0 1731 1731 1736 1736 1686 1686 1741 1631 1661 1661 1636 1636 1641 1641 1646 1646 1651 1651 1656 1656 1676 1676 1811 1811 1816 0 0 0 0 0 0 0 0 0 0 0
0 0 0 0 0 0 0 0 0 0 0 0 0 0 0 1796 1796 1786 1826 1826 0 0 0 0 1912 1736 1736 1741 1741 1746 1746 1661 1661 1751 1641 1756 1646 1761 1651 1766 1656 1771 1676 1821 1811 1862 1862 0 0 0 0 0 0 0 0 0 0 0
0 0 0 0 0 0 0 0 0 0 0 0 0 0 0 0 0 0 1826 0 0 0 0 0 1912 1912 1907 1741 1776 1776 1746 1746 1751 1751 1756 1756 1761 1761 1766 1766 1771 1771 1821 1821 1862 1862 0 0 0 0 0 0 0 0 0 0 0 0
0 0 0 0 0 0 0 0 0 0 0 0 0 0 0 0 0 0 0 0 0 0 0 0 0 1912 1907 1907 1902 1776 1776 1867 1751 1872 1756 1877 1761 1882 1766 1887 1771 1892 1821 0 0 0 0 0 0 0 0 0 0 0 0 0 0 0
0 0 0 0 0 0 0 0 0 0 0 0 0 0 0 0 0 0 0 0 0 0 0 0 0 0 0 1907 1902 1902 1897 1867 1867 1872 1872 1877 1877 1882 1882 1887 1887 1892 1892 0 0 0 0 0 0 0 0 0 0 0 0 0 0 0
0 0 0 0 0 0 0 0 0 0 0 0 0 0 0 0 0 0 0 0 0 0 0 0 0 0 0 0 0 1902 1897 1897 1867 0 1872 0 1877 0 1882 0 1887 0 1892 0 0 0 0 0 0 0 0 0 0 0 0 0 0 0
0 0 0 0 0 0 0 0 0 0 0 0 0 0 0 0 0 0 0 0 0 0 0 0 0 0 0 0 0 0 0 1897 0 0 0 0 0 0 0 0 0 0 0 0 0 0 0 0 0 0 0 0 0 0 0 0 0 0
0 0 0 0 0 0 0 0 0 0 0 0 0 0 0 0 0 0 0 0 0 0 0 0 0 0 0 0 0 0 0 0 0 0 0 0 0 0 0 0 0 0 0 0 0 0 0 0 0 0 0 0 0 0 0 0 0 0
0 0 0 0 0 0 0 0 0 0 0 0 0 0 0 0 0 0 0 0 0 0 0 0 0 0 0 0 0 0 0 0 0 0 0 0 0 0 0 0 0 0 0 0 0 0 0 0 0 0 0 0 0 0 0 0 0 0
0 0 0 0 0 0 0 0 0 0 0 0 0 0 0 0 0 0 0 0 0 0 0 0 0 0 0 0 0 0 0 0 0 0 0 0 0 0 0 0 0 0 0 0 0 0 0 0 0 0 0 0 0 0 0 0 0 0
0 0 0 0 0 0 0 0 0 0 0 0 0 0 0 0 0 0 0 0 0 0 0 0 0 0 0 0 0 0 0 0 0 0 0 0 0 0 0 0 0 0 0 0 0 0 0 0 0 0 0 0 0 0 0 0 0 0
0 0 0 0 0 0 0 0 0 0 0 0 0 0 0 0 0 0 0 0 0 0 0 0 0 0 0 0 0 0 0 0 0 0 0 0 0 0 0 0 0 0 0 0 0 0 0 0 0 0 0 0 0 0 0 0 0 0
0 0 0 0 0 0 0 0 0 0 0 0 0 0 0 0 0 0 0 0 0 0 0 0 0 0 0 0 0 0 0 0 0 0 0 0 0 0 0 0 0 0 0 0 0 0 0 0 0 0 0 0 0 0 0 0 0 0
0 0 0 0 0 0 0 0 0 0 0 0 0 0 0 0 0 0 0 0 0 0 0 0 0 0 0 0 0 0 0 0 0 0 0 0 0 0 0 0 0 0 0 0 0 0 0 0 0 0 0 0 0 0 0 0 0 0
0 0 0 0 0 0 0 0 0 0 0 0 0 0 0 0 0 0 0 0 0 0 0 0 0 0 0 0 0 0 0 0 0 0 0 0 0 0 0 0 0 0 0 0 0 0 0 0 0 0 0 0 0 0 0 0 0 0
