800904
Zlaganje

74
56 56
4002 4002 4002 4002 4007 4007 4007 4007 4022 4022 4022 4022 4032 4032 4032 4032 4042 4042 4042 4042 4052 4052 4052 4052 4062 4062 4062 4062 4072 4072 4072 4072 4082 4082 4082 4082 4092 4092 4092 4092 4102 4102 4102 4102 4112 4112 4112 4112 4122 4122 4122 4122 0 0 0 0
4003 4003 4003 4003 4008 4008 4008 4008 4023 4023 4023 4023 4033 4033 4033 4033 4043 4043 4043 4043 4053 4053 4053 4053 4063 4063 4063 4063 4073 4073 4073 4073 4083 4083 4083 4083 4093 4093 4093 4093 4103 4103 4103 4103 4113 4113 4113 4113 4123 4123 4123 4123 0 0 0 0
4002 4002 4002 4002 4007 4007 4007 4007 4022 4022 4022 4022 4032 4032 4032 4032 4042 4042 4042 4042 4052 4052 4052 4052 4062 4062 4062 4062 4072 4072 4072 4072 4082 4082 4082 4082 4092 4092 4092 4092 4102 4102 4102 4102 4112 4112 4112 4112 4122 4122 4122 4122 0 0 0 0
4003 4003 4003 4003 4008 4008 4008 4008 4023 4023 4023 4023 4033 4033 4033 4033 4043 4043 4043 4043 4053 4053 4053 4053 4063 4063 4063 4063 4073 4073 4073 4073 4083 4083 4083 4083 4093 4093 4093 4093 4103 4103 4103 4103 4113 4113 4113 4113 4123 4123 4123 4123 0 0 0 0
4012 4012 4012 4012 4017 4017 4017 4017 4027 4027 4027 4027 4037 4037 4037 4037 4047 4047 4047 4047 4057 4057 4057 4057 4067 4067 4067 4067 4077 4077 4077 4077 4087 4087 4087 4087 4097 4097 4097 4097 4107 4107 4107 4107 4117 4117 4117 4117 4127 4127 4127 4127 0 0 0 0
4013 4013 4013 4013 4018 4018 4018 4018 4028 4028 4028 4028 4038 4038 4038 4038 4048 4048 4048 4048 4058 4058 4058 4058 4068 4068 4068 4068 4078 4078 4078 4078 4088 4088 4088 4088 4098 4098 4098 4098 4108 4108 4108 4108 4118 4118 4118 4118 4128 4128 4128 4128 0 0 0 0
4012 4012 4012 4012 4017 4017 4017 4017 4027 4027 4027 4027 4037 4037 4037 4037 4047 4047 4047 4047 4057 4057 4057 4057 4067 4067 4067 4067 4077 4077 4077 4077 4087 4087 4087 4087 4097 4097 4097 4097 4107 4107 4107 4107 4117 4117 4117 4117 4127 4127 4127 4127 0 0 0 0
4013 4013 4013 4013 4018 4018 4018 4018 4028 4028 4028 4028 4038 4038 4038 4038 4048 4048 4048 4048 4058 4058 4058 4058 4068 4068 4068 4068 4078 4078 4078 4078 4088 4088 4088 4088 4098 4098 4098 4098 4108 4108 4108 4108 4118 4118 4118 4118 4128 4128 4128 4128 0 0 0 0
4132 4132 4132 4132 4137 4137 4137 4137 4142 4142 4142 4142 4147 4147 4147 4147 4152 4152 4152 4152 4157 4157 4157 4157 4162 4162 4162 4162 4167 4167 4167 4167 4172 4172 4172 4172 4177 4177 4177 4177 4182 4182 4182 4182 4187 4187 4187 4187 4192 4192 4192 4192 0 0 0 0
4133 4133 4133 4133 4138 4138 4138 4138 4143 4143 4143 4143 4148 4148 4148 4148 4153 4153 4153 4153 4158 4158 4158 4158 4163 4163 4163 4163 4168 4168 4168 4168 4173 4173 4173 4173 4178 4178 4178 4178 4183 4183 4183 4183 4188 4188 4188 4188 4193 4193 4193 4193 0 0 0 0
4132 4132 4132 4132 4137 4137 4137 4137 4142 4142 4142 4142 4147 4147 4147 4147 4152 4152 4152 4152 4157 4157 4157 4157 4162 4162 4162 4162 4167 4167 4167 4167 4172 4172 4172 4172 4177 4177 4177 4177 4182 4182 4182 4182 4187 4187 4187 4187 4192 4192 4192 4192 0 0 0 0
4133 4133 4133 4133 4138 4138 4138 4138 4143 4143 4143 4143 4148 4148 4148 4148 4153 4153 4153 4153 4158 4158 4158 4158 4163 4163 4163 4163 4168 4168 4168 4168 4173 4173 4173 4173 4178 4178 4178 4178 4183 4183 4183 4183 4188 4188 4188 4188 4193 4193 4193 4193 0 0 0 0
4197 4197 4197 4197 4202 4202 4202 4202 4207 4207 4207 4207 4212 4212 4212 4212 4217 4217 4217 4217 4222 4222 4222 4222 4227 4227 4227 4227 4232 4232 4232 4232 4237 4237 4237 4237 4242 4242 4242 4242 4247 4247 4247 4247 4252 4252 4252 4252 4257 4257 4257 4257 0 0 0 0
4198 4198 4198 4198 4203 4203 4203 4203 4208 4208 4208 4208 4213 4213 4213 4213 4218 4218 4218 4218 4223 4223 4223 4223 4228 4228 4228 4228 4233 4233 4233 4233 4238 4238 4238 4238 4243 4243 4243 4243 4248 4248 4248 4248 4253 4253 4253 4253 4258 4258 4258 4258 0 0 0 0
4197 4197 4197 4197 4202 4202 4202 4202 4207 4207 4207 4207 4212 4212 4212 4212 4217 4217 4217 4217 4222 4222 4222 4222 4227 4227 4227 4227 4232 4232 4232 4232 4237 4237 4237 4237 4242 4242 4242 4242 4247 4247 4247 4247 4252 4252 4252 4252 4257 4257 4257 4257 0 0 0 0
4198 4198 4198 4198 4203 4203 4203 4203 4208 4208 4208 4208 4213 4213 4213 4213 4218 4218 4218 4218 4223 4223 4223 4223 4228 4228 4228 4228 4233 4233 4233 4233 4238 4238 4238 4238 4243 4243 4243 4243 4248 4248 4248 4248 4253 4253 4253 4253 4258 4258 4258 4258 0 0 0 0
4262 4262 4262 4262 4267 4267 4267 4267 4272 4272 4272 4272 4277 4277 4277 4277 4282 4282 4282 4282 4287 4287 4287 4287 4292 4292 4292 4292 4297 4297 4297 4297 4302 4302 4302 4302 4307 4307 4307 4307 4312 4312 4312 4312 4317 4317 4317 4317 4322 4322 4322 4322 0 0 0 0
4263 4263 4263 4263 4268 4268 4268 4268 4273 4273 4273 4273 4278 4278 4278 4278 4283 4283 4283 4283 4288 4288 4288 4288 4293 4293 4293 4293 4298 4298 4298 4298 4303 4303 4303 4303 4308 4308 4308 4308 4313 4313 4313 4313 4318 4318 4318 4318 4323 4323 4323 4323 0 0 0 0
4262 4262 4262 4262 4267 4267 4267 4267 4272 4272 4272 4272 4277 4277 4277 4277 4282 4282 4282 4282 4287 4287 4287 4287 4292 4292 4292 4292 4297 4297 4297 4297 4302 4302 4302 4302 4307 4307 4307 4307 4312 4312 4312 4312 4317 4317 4317 4317 4322 4322 4322 4322 0 0 0 0
4263 4263 4263 4263 4268 4268 4268 4268 4273 4273 4273 4273 4278 4278 4278 4278 4283 4283 4283 4283 4288 4288 4288 4288 4293 4293 4293 4293 4298 4298 4298 4298 4303 4303 4303 4303 4308 4308 4308 4308 4313 4313 4313 4313 4318 4318 4318 4318 4323 4323 4323 4323 0 0 0 0
4327 4327 4327 4327 4332 4332 4332 4332 4337 4337 4337 4337 4342 4342 4342 4342 7350 7350 7350 7351 7355 7355 7355 7356 7360 7360 7360 7361 7365 7365 7365 7366 7370 7370 7370 7371 7375 7375 7375 7376 7380 7380 7380 7381 7385 7385 7385 7386 7390 7390 7390 7391 0 0 0 0
4328 4328 4328 4328 4333 4333 4333 4333 4338 4338 4338 4338 4343 4343 4343 4343 7351 7350 7351 7351 7356 7355 7356 7356 7361 7360 7361 7361 7366 7365 7366 7366 7371 7370 7371 7371 7376 7375 7376 7376 7381 7380 7381 7381 7386 7385 7386 7386 7391 7390 7391 7391 0 0 0 0
4327 4327 4327 4327 4332 4332 4332 4332 4337 4337 4337 4337 4342 4342 4342 4342 7351 7351 7350 7351 7356 7356 7355 7356 7361 7361 7360 7361 7366 7366 7365 7366 7371 7371 7370 7371 7376 7376 7375 7376 7381 7381 7380 7381 7386 7386 7385 7386 7391 7391 7390 7391 0 0 0 0
4328 4328 4328 4328 4333 4333 4333 4333 4338 4338 4338 4338 4343 4343 4343 4343 7351 7350 7350 7350 7356 7355 7355 7355 7361 7360 7360 7360 7366 7365 7365 7365 7371 7370 7370 7370 7376 7375 7375 7375 7381 7380 7380 7380 7386 7385 7385 7385 7391 7390 7390 7390 0 0 0 0
7395 7395 7395 7396 7400 7400 7400 7401 7405 7405 7405 7406 7410 7410 7410 7411 7415 7415 7415 7416 7420 7420 7420 7421 7425 7425 7425 7426 7430 7430 7430 7431 7435 7435 7435 7436 7440 7440 7440 7441 7445 7445 7445 7446 7450 7450 7450 7451 7455 7455 7455 7456 0 0 0 0
7396 7395 7396 7396 7401 7400 7401 7401 7406 7405 7406 7406 7411 7410 7411 7411 7416 7415 7416 7416 7421 7420 7421 7421 7426 7425 7426 7426 7431 7430 7431 7431 7436 7435 7436 7436 7441 7440 7441 7441 7446 7445 7446 7446 7451 7450 7451 7451 7456 7455 7456 7456 0 0 0 0
7396 7396 7395 7396 7401 7401 7400 7401 7406 7406 7405 7406 7411 7411 7410 7411 7416 7416 7415 7416 7421 7421 7420 7421 7426 7426 7425 7426 7431 7431 7430 7431 7436 7436 7435 7436 7441 7441 7440 7441 7446 7446 7445 7446 7451 7451 7450 7451 7456 7456 7455 7456 0 0 0 0
7396 7395 7395 7395 7401 7400 7400 7400 7406 7405 7405 7405 7411 7410 7410 7410 7416 7415 7415 7415 7421 7420 7420 7420 7426 7425 7425 7425 7431 7430 7430 7430 7436 7435 7435 7435 7441 7440 7440 7440 7446 7445 7445 7445 7451 7450 7450 7450 7456 7455 7455 7455 0 0 0 0
7460 7460 7460 7461 7465 7465 7465 7466 7470 7470 7470 7471 7475 7475 7475 7476 7480 7480 7480 7481 7485 7485 7485 7486 7490 7490 7490 7491 7495 7495 7495 7496 7500 7500 7500 7501 7505 7505 7505 7506 7510 7510 7510 7511 7515 7515 7515 7516 7520 7520 7520 7521 0 0 0 0
7461 7460 7461 7461 7466 7465 7466 7466 7471 7470 7471 7471 7476 7475 7476 7476 7481 7480 7481 7481 7486 7485 7486 7486 7491 7490 7491 7491 7496 7495 7496 7496 7501 7500 7501 7501 7506 7505 7506 7506 7511 7510 7511 7511 7516 7515 7516 7516 7521 7520 7521 7521 0 0 0 0
7461 7461 7460 7461 7466 7466 7465 7466 7471 7471 7470 7471 7476 7476 7475 7476 7481 7481 7480 7481 7486 7486 7485 7486 7491 7491 7490 7491 7496 7496 7495 7496 7501 7501 7500 7501 7506 7506 7505 7506 7511 7511 7510 7511 7516 7516 7515 7516 7521 7521 7520 7521 0 0 0 0
7461 7460 7460 7460 7466 7465 7465 7465 7471 7470 7470 7470 7476 7475 7475 7475 7481 7480 7480 7480 7486 7485 7485 7485 7491 7490 7490 7490 7496 7495 7495 7495 7501 7500 7500 7500 7506 7505 7505 7505 7511 7510 7510 7510 7516 7515 7515 7515 7521 7520 7520 7520 0 0 0 0
7525 7525 7525 7526 7530 7530 7530 7531 7535 7535 7535 7536 7540 7540 7540 7541 7545 7545 7545 7546 7550 7550 7550 7551 7555 7555 7555 7556 7560 7560 7560 7561 7565 7565 7565 7566 7570 7570 7570 7571 7575 7575 7575 7576 7580 7580 7580 7581 7585 7585 7585 7586 0 0 0 0
7526 7525 7526 7526 7531 7530 7531 7531 7536 7535 7536 7536 7541 7540 7541 7541 7546 7545 7546 7546 7551 7550 7551 7551 7556 7555 7556 7556 7561 7560 7561 7561 7566 7565 7566 7566 7571 7570 7571 7571 7576 7575 7576 7576 7581 7580 7581 7581 7586 7585 7586 7586 0 0 0 0
7526 7526 7525 7526 7531 7531 7530 7531 7536 7536 7535 7536 7541 7541 7540 7541 7546 7546 7545 7546 7551 7551 7550 7551 7556 7556 7555 7556 7561 7561 7560 7561 7566 7566 7565 7566 7571 7571 7570 7571 7576 7576 7575 7576 7581 7581 7580 7581 7586 7586 7585 7586 0 0 0 0
7526 7525 7525 7525 7531 7530 7530 7530 7536 7535 7535 7535 7541 7540 7540 7540 7546 7545 7545 7545 7551 7550 7550 7550 7556 7555 7555 7555 7561 7560 7560 7560 7566 7565 7565 7565 7571 7570 7570 7570 7576 7575 7575 7575 7581 7580 7580 7580 7586 7585 7585 7585 0 0 0 0
7590 7590 7590 7591 7595 7595 7595 7596 7600 7600 7600 7601 7605 7605 7605 7606 7610 7610 7610 7611 7615 7615 7615 7616 7620 7620 7620 7621 7625 7625 7625 7626 7630 7630 7630 7631 7635 7635 7635 7636 7640 7640 7640 7641 7645 7645 7645 7646 7650 7650 7650 7651 0 0 0 0
7591 7590 7591 7591 7596 7595 7596 7596 7601 7600 7601 7601 7606 7605 7606 7606 7611 7610 7611 7611 7616 7615 7616 7616 7621 7620 7621 7621 7626 7625 7626 7626 7631 7630 7631 7631 7636 7635 7636 7636 7641 7640 7641 7641 7646 7645 7646 7646 7651 7650 7651 7651 0 0 0 0
7591 7591 7590 7591 7596 7596 7595 7596 7601 7601 7600 7601 7606 7606 7605 7606 7611 7611 7610 7611 7616 7616 7615 7616 7621 7621 7620 7621 7626 7626 7625 7626 7631 7631 7630 7631 7636 7636 7635 7636 7641 7641 7640 7641 7646 7646 7645 7646 7651 7651 7650 7651 0 0 0 0
7591 7590 7590 7590 7596 7595 7595 7595 7601 7600 7600 7600 7606 7605 7605 7605 7611 7610 7610 7610 7616 7615 7615 7615 7621 7620 7620 7620 7626 7625 7625 7625 7631 7630 7630 7630 7636 7635 7635 7635 7641 7640 7640 7640 7646 7645 7645 7645 7651 7650 7650 7650 0 0 0 0
7655 7655 7655 7656 7660 7660 7660 7661 7665 7665 7665 7666 7670 7670 7670 7671 676 676 676 676 681 681 681 681 686 686 686 686 691 691 691 691 696 696 696 696 705 705 705 710 715 720 720 720 0 0 0 0 0 0 0 0 0 0 0 0
7656 7655 7656 7656 7661 7660 7661 7661 7666 7665 7666 7666 7671 7670 7671 7671 0 0 0 0 0 0 0 0 0 0 0 0 0 0 0 0 0 0 0 0 0 705 710 710 715 715 720 0 0 0 0 0 0 0 0 0 0 0 0 0
7656 7656 7655 7656 7661 7661 7660 7661 7666 7666 7665 7666 7671 7671 7670 7671 0 0 0 0 0 0 0 0 0 0 0 0 0 0 0 0 0 0 0 0 0 0 0 710 715 0 0 0 0 0 0 0 0 0 0 0 0 0 0 0
7656 7655 7655 7655 7661 7660 7660 7660 7666 7665 7665 7665 7671 7670 7670 7670 0 0 0 0 0 0 0 0 0 0 0 0 0 0 0 0 0 0 0 0 0 0 0 0 0 0 0 0 0 0 0 0 0 0 0 0 0 0 0 0
0 0 0 0 0 0 0 0 0 0 0 0 0 0 0 0 0 0 0 0 0 0 0 0 0 0 0 0 0 0 0 0 0 0 0 0 0 0 0 0 0 0 0 0 0 0 0 0 0 0 0 0 0 0 0 0
0 0 0 0 0 0 0 0 0 0 0 0 0 0 0 0 0 0 0 0 0 0 0 0 0 0 0 0 0 0 0 0 0 0 0 0 0 0 0 0 0 0 0 0 0 0 0 0 0 0 0 0 0 0 0 0
0 0 0 0 0 0 0 0 0 0 0 0 0 0 0 0 0 0 0 0 0 0 0 0 0 0 0 0 0 0 0 0 0 0 0 0 0 0 0 0 0 0 0 0 0 0 0 0 0 0 0 0 0 0 0 0
0 0 0 0 0 0 0 0 0 0 0 0 0 0 0 0 0 0 0 0 0 0 0 0 0 0 0 0 0 0 0 0 0 0 0 0 0 0 0 0 0 0 0 0 0 0 0 0 0 0 0 0 0 0 0 0
0 0 0 0 0 0 0 0 0 0 0 0 0 0 0 0 0 0 0 0 0 0 0 0 0 0 0 0 0 0 0 0 0 0 0 0 0 0 0 0 0 0 0 0 0 0 0 0 0 0 0 0 0 0 0 0
0 0 0 0 0 0 0 0 0 0 0 0 0 0 0 0 0 0 0 0 0 0 0 0 0 0 0 0 0 0 0 0 0 0 0 0 0 0 0 0 0 0 0 0 0 0 0 0 0 0 0 0 0 0 0 0
0 0 0 0 0 0 0 0 0 0 0 0 0 0 0 0 0 0 0 0 0 0 0 0 0 0 0 0 0 0 0 0 0 0 0 0 0 0 0 0 0 0 0 0 0 0 0 0 0 0 0 0 0 0 0 0
0 0 0 0 0 0 0 0 0 0 0 0 0 0 0 0 0 0 0 0 0 0 0 0 0 0 0 0 0 0 0 0 0 0 0 0 0 0 0 0 0 0 0 0 0 0 0 0 0 0 0 0 0 0 0 0
0 0 0 0 0 0 0 0 0 0 0 0 0 0 0 0 0 0 0 0 0 0 0 0 0 0 0 0 0 0 0 0 0 0 0 0 0 0 0 0 0 0 0 0 0 0 0 0 0 0 0 0 0 0 0 0
0 0 0 0 0 0 0 0 0 0 0 0 0 0 0 0 0 0 0 0 0 0 0 0 0 0 0 0 0 0 0 0 0 0 0 0 0 0 0 0 0 0 0 0 0 0 0 0 0 0 0 0 0 0 0 0
0 0 0 0 0 0 0 0 0 0 0 0 0 0 0 0 0 0 0 0 0 0 0 0 0 0 0 0 0 0 0 0 0 0 0 0 0 0 0 0 0 0 0 0 0 0 0 0 0 0 0 0 0 0 0 0
0 0 0 0 0 0 0 0 0 0 0 0 0 0 0 0 0 0 0 0 0 0 0 0 0 0 0 0 0 0 0 0 0 0 0 0 0 0 0 0 0 0 0 0 0 0 0 0 0 0 0 0 0 0 0 0
