800904
Zlaganje

75
55 55
7005 7005 7005 7006 7010 7010 7010 7011 7025 7025 7025 7026 7035 7035 7035 7036 7045 7045 7045 7046 7055 7055 7055 7056 7065 7065 7065 7066 7075 7075 7075 7076 7085 7085 7085 7086 7095 7095 7095 7096 7105 7105 7105 7106 7115 7115 7115 7116 7125 7125 7125 7126 0 0 0
7006 7005 7006 7006 7011 7010 7011 7011 7026 7025 7026 7026 7036 7035 7036 7036 7046 7045 7046 7046 7056 7055 7056 7056 7066 7065 7066 7066 7076 7075 7076 7076 7086 7085 7086 7086 7096 7095 7096 7096 7106 7105 7106 7106 7116 7115 7116 7116 7126 7125 7126 7126 0 0 0
7006 7006 7005 7006 7011 7011 7010 7011 7026 7026 7025 7026 7036 7036 7035 7036 7046 7046 7045 7046 7056 7056 7055 7056 7066 7066 7065 7066 7076 7076 7075 7076 7086 7086 7085 7086 7096 7096 7095 7096 7106 7106 7105 7106 7116 7116 7115 7116 7126 7126 7125 7126 0 0 0
7006 7005 7005 7005 7011 7010 7010 7010 7026 7025 7025 7025 7036 7035 7035 7035 7046 7045 7045 7045 7056 7055 7055 7055 7066 7065 7065 7065 7076 7075 7075 7075 7086 7085 7085 7085 7096 7095 7095 7095 7106 7105 7105 7105 7116 7115 7115 7115 7126 7125 7125 7125 0 0 0
7015 7015 7015 7016 7020 7020 7020 7021 7030 7030 7030 7031 7040 7040 7040 7041 7050 7050 7050 7051 7060 7060 7060 7061 7070 7070 7070 7071 7080 7080 7080 7081 7090 7090 7090 7091 7100 7100 7100 7101 7110 7110 7110 7111 7120 7120 7120 7121 7130 7130 7130 7131 0 0 0
7016 7015 7016 7016 7021 7020 7021 7021 7031 7030 7031 7031 7041 7040 7041 7041 7051 7050 7051 7051 7061 7060 7061 7061 7071 7070 7071 7071 7081 7080 7081 7081 7091 7090 7091 7091 7101 7100 7101 7101 7111 7110 7111 7111 7121 7120 7121 7121 7131 7130 7131 7131 0 0 0
7016 7016 7015 7016 7021 7021 7020 7021 7031 7031 7030 7031 7041 7041 7040 7041 7051 7051 7050 7051 7061 7061 7060 7061 7071 7071 7070 7071 7081 7081 7080 7081 7091 7091 7090 7091 7101 7101 7100 7101 7111 7111 7110 7111 7121 7121 7120 7121 7131 7131 7130 7131 0 0 0
7016 7015 7015 7015 7021 7020 7020 7020 7031 7030 7030 7030 7041 7040 7040 7040 7051 7050 7050 7050 7061 7060 7060 7060 7071 7070 7070 7070 7081 7080 7080 7080 7091 7090 7090 7090 7101 7100 7100 7100 7111 7110 7110 7110 7121 7120 7120 7120 7131 7130 7130 7130 0 0 0
7135 7135 7135 7136 7140 7140 7140 7141 7145 7145 7145 7146 7150 7150 7150 7151 7155 7155 7155 7156 7160 7160 7160 7161 7165 7165 7165 7166 7170 7170 7170 7171 7175 7175 7175 7176 7180 7180 7180 7181 7185 7185 7185 7186 7190 7190 7190 7191 7195 7195 7195 7196 0 0 0
7136 7135 7136 7136 7141 7140 7141 7141 7146 7145 7146 7146 7151 7150 7151 7151 7156 7155 7156 7156 7161 7160 7161 7161 7166 7165 7166 7166 7171 7170 7171 7171 7176 7175 7176 7176 7181 7180 7181 7181 7186 7185 7186 7186 7191 7190 7191 7191 7196 7195 7196 7196 0 0 0
7136 7136 7135 7136 7141 7141 7140 7141 7146 7146 7145 7146 7151 7151 7150 7151 7156 7156 7155 7156 7161 7161 7160 7161 7166 7166 7165 7166 7171 7171 7170 7171 7176 7176 7175 7176 7181 7181 7180 7181 7186 7186 7185 7186 7191 7191 7190 7191 7196 7196 7195 7196 0 0 0
7136 7135 7135 7135 7141 7140 7140 7140 7146 7145 7145 7145 7151 7150 7150 7150 7156 7155 7155 7155 7161 7160 7160 7160 7166 7165 7165 7165 7171 7170 7170 7170 7176 7175 7175 7175 7181 7180 7180 7180 7186 7185 7185 7185 7191 7190 7190 7190 7196 7195 7195 7195 0 0 0
7200 7200 7200 7201 7205 7205 7205 7206 7210 7210 7210 7211 7215 7215 7215 7216 7220 7220 7220 7221 7225 7225 7225 7226 7230 7230 7230 7231 7235 7235 7235 7236 7240 7240 7240 7241 7245 7245 7245 7246 8251 8251 8252 8252 8256 8256 8257 8257 8261 8261 8262 8262 0 0 0
7201 7200 7201 7201 7206 7205 7206 7206 7211 7210 7211 7211 7216 7215 7216 7216 7221 7220 7221 7221 7226 7225 7226 7226 7231 7230 7231 7231 7236 7235 7236 7236 7241 7240 7241 7241 7246 7245 7246 7246 8251 8251 8252 8252 8256 8256 8257 8257 8261 8261 8262 8262 0 0 0
7201 7201 7200 7201 7206 7206 7205 7206 7211 7211 7210 7211 7216 7216 7215 7216 7221 7221 7220 7221 7226 7226 7225 7226 7231 7231 7230 7231 7236 7236 7235 7236 7241 7241 7240 7241 7246 7246 7245 7246 8252 8252 8251 8251 8257 8257 8256 8256 8262 8262 8261 8261 0 0 0
7201 7200 7200 7200 7206 7205 7205 7205 7211 7210 7210 7210 7216 7215 7215 7215 7221 7220 7220 7220 7226 7225 7225 7225 7231 7230 7230 7230 7236 7235 7235 7235 7241 7240 7240 7240 7246 7245 7245 7245 8252 8252 8251 8251 8257 8257 8256 8256 8262 8262 8261 8261 0 0 0
8266 8266 8267 8267 8271 8271 8272 8272 8276 8276 8277 8277 8281 8281 8282 8282 8286 8286 8287 8287 8291 8291 8292 8292 8296 8296 8297 8297 8301 8301 8302 8302 8306 8306 8307 8307 8311 8311 8312 8312 8316 8316 8317 8317 8321 8321 8322 8322 8326 8326 8327 8327 0 0 0
8266 8266 8267 8267 8271 8271 8272 8272 8276 8276 8277 8277 8281 8281 8282 8282 8286 8286 8287 8287 8291 8291 8292 8292 8296 8296 8297 8297 8301 8301 8302 8302 8306 8306 8307 8307 8311 8311 8312 8312 8316 8316 8317 8317 8321 8321 8322 8322 8326 8326 8327 8327 0 0 0
8267 8267 8266 8266 8272 8272 8271 8271 8277 8277 8276 8276 8282 8282 8281 8281 8287 8287 8286 8286 8292 8292 8291 8291 8297 8297 8296 8296 8302 8302 8301 8301 8307 8307 8306 8306 8312 8312 8311 8311 8317 8317 8316 8316 8322 8322 8321 8321 8327 8327 8326 8326 0 0 0
8267 8267 8266 8266 8272 8272 8271 8271 8277 8277 8276 8276 8282 8282 8281 8281 8287 8287 8286 8286 8292 8292 8291 8291 8297 8297 8296 8296 8302 8302 8301 8301 8307 8307 8306 8306 8312 8312 8311 8311 8317 8317 8316 8316 8322 8322 8321 8321 8327 8327 8326 8326 0 0 0
8331 8331 8332 8332 8336 8336 8337 8337 8341 8341 8342 8342 8346 8346 8347 8347 8351 8351 8352 8352 8356 8356 8357 8357 8361 8361 8362 8362 8366 8366 8367 8367 8371 8371 8372 8372 8376 8376 8377 8377 8381 8381 8382 8382 8386 8386 8387 8387 8391 8391 8392 8392 0 0 0
8331 8331 8332 8332 8336 8336 8337 8337 8341 8341 8342 8342 8346 8346 8347 8347 8351 8351 8352 8352 8356 8356 8357 8357 8361 8361 8362 8362 8366 8366 8367 8367 8371 8371 8372 8372 8376 8376 8377 8377 8381 8381 8382 8382 8386 8386 8387 8387 8391 8391 8392 8392 0 0 0
8332 8332 8331 8331 8337 8337 8336 8336 8342 8342 8341 8341 8347 8347 8346 8346 8352 8352 8351 8351 8357 8357 8356 8356 8362 8362 8361 8361 8367 8367 8366 8366 8372 8372 8371 8371 8377 8377 8376 8376 8382 8382 8381 8381 8387 8387 8386 8386 8392 8392 8391 8391 0 0 0
8332 8332 8331 8331 8337 8337 8336 8336 8342 8342 8341 8341 8347 8347 8346 8346 8352 8352 8351 8351 8357 8357 8356 8356 8362 8362 8361 8361 8367 8367 8366 8366 8372 8372 8371 8371 8377 8377 8376 8376 8382 8382 8381 8381 8387 8387 8386 8386 8392 8392 8391 8391 0 0 0
8396 8396 8397 8397 8401 8401 8402 8402 8406 8406 8407 8407 8411 8411 8412 8412 8416 8416 8417 8417 8421 8421 8422 8422 8426 8426 8427 8427 8431 8431 8432 8432 8436 8436 8437 8437 8441 8441 8442 8442 8446 8446 8447 8447 8451 8451 8452 8452 8456 8456 8457 8457 0 0 0
8396 8396 8397 8397 8401 8401 8402 8402 8406 8406 8407 8407 8411 8411 8412 8412 8416 8416 8417 8417 8421 8421 8422 8422 8426 8426 8427 8427 8431 8431 8432 8432 8436 8436 8437 8437 8441 8441 8442 8442 8446 8446 8447 8447 8451 8451 8452 8452 8456 8456 8457 8457 0 0 0
8397 8397 8396 8396 8402 8402 8401 8401 8407 8407 8406 8406 8412 8412 8411 8411 8417 8417 8416 8416 8422 8422 8421 8421 8427 8427 8426 8426 8432 8432 8431 8431 8437 8437 8436 8436 8442 8442 8441 8441 8447 8447 8446 8446 8452 8452 8451 8451 8457 8457 8456 8456 0 0 0
8397 8397 8396 8396 8402 8402 8401 8401 8407 8407 8406 8406 8412 8412 8411 8411 8417 8417 8416 8416 8422 8422 8421 8421 8427 8427 8426 8426 8432 8432 8431 8431 8437 8437 8436 8436 8442 8442 8441 8441 8447 8447 8446 8446 8452 8452 8451 8451 8457 8457 8456 8456 0 0 0
8461 8461 8462 8462 8466 8466 8467 8467 8471 8471 8472 8472 8476 8476 8477 8477 8481 8481 8482 8482 8486 8486 8487 8487 8491 8491 8492 8492 8496 8496 8497 8497 8501 8501 8502 8502 8506 8506 8507 8507 8511 8511 8512 8512 8516 8516 8517 8517 8521 8521 8522 8522 0 0 0
8461 8461 8462 8462 8466 8466 8467 8467 8471 8471 8472 8472 8476 8476 8477 8477 8481 8481 8482 8482 8486 8486 8487 8487 8491 8491 8492 8492 8496 8496 8497 8497 8501 8501 8502 8502 8506 8506 8507 8507 8511 8511 8512 8512 8516 8516 8517 8517 8521 8521 8522 8522 0 0 0
8462 8462 8461 8461 8467 8467 8466 8466 8472 8472 8471 8471 8477 8477 8476 8476 8482 8482 8481 8481 8487 8487 8486 8486 8492 8492 8491 8491 8497 8497 8496 8496 8502 8502 8501 8501 8507 8507 8506 8506 8512 8512 8511 8511 8517 8517 8516 8516 8522 8522 8521 8521 0 0 0
8462 8462 8461 8461 8467 8467 8466 8466 8472 8472 8471 8471 8477 8477 8476 8476 8482 8482 8481 8481 8487 8487 8486 8486 8492 8492 8491 8491 8497 8497 8496 8496 8502 8502 8501 8501 8507 8507 8506 8506 8512 8512 8511 8511 8517 8517 8516 8516 8522 8522 8521 8521 0 0 0
8526 8526 8527 8527 8531 8531 8532 8532 8536 8536 8537 8537 8541 8541 8542 8542 8546 8546 8547 8547 8551 8551 8552 8552 8556 8556 8557 8557 8561 8561 8562 8562 8566 8566 8567 8567 8571 8571 8572 8572 8576 8576 8577 8577 8581 8581 8582 8582 8586 8586 8587 8587 0 0 0
8526 8526 8527 8527 8531 8531 8532 8532 8536 8536 8537 8537 8541 8541 8542 8542 8546 8546 8547 8547 8551 8551 8552 8552 8556 8556 8557 8557 8561 8561 8562 8562 8566 8566 8567 8567 8571 8571 8572 8572 8576 8576 8577 8577 8581 8581 8582 8582 8586 8586 8587 8587 0 0 0
8527 8527 8526 8526 8532 8532 8531 8531 8537 8537 8536 8536 8542 8542 8541 8541 8547 8547 8546 8546 8552 8552 8551 8551 8557 8557 8556 8556 8562 8562 8561 8561 8567 8567 8566 8566 8572 8572 8571 8571 8577 8577 8576 8576 8582 8582 8581 8581 8587 8587 8586 8586 0 0 0
8527 8527 8526 8526 8532 8532 8531 8531 8537 8537 8536 8536 8542 8542 8541 8541 8547 8547 8546 8546 8552 8552 8551 8551 8557 8557 8556 8556 8562 8562 8561 8561 8567 8567 8566 8566 8572 8572 8571 8571 8577 8577 8576 8576 8582 8582 8581 8581 8587 8587 8586 8586 0 0 0
8591 8591 8592 8592 8596 8596 8597 8597 8601 8601 8602 8602 8606 8606 8607 8607 8611 8611 8612 8612 8616 8616 8617 8617 621 621 621 621 626 626 626 626 653 653 653 659 659 659 664 669 669 689 689 689 705 705 705 720 0 0 0 0 0 0 0
8591 8591 8592 8592 8596 8596 8597 8597 8601 8601 8602 8602 8606 8606 8607 8607 8611 8611 8612 8612 8616 8616 8617 8617 632 632 637 637 642 642 647 647 653 679 674 674 674 659 664 669 695 695 695 689 710 705 720 720 0 0 0 0 0 0 0
8592 8592 8591 8591 8597 8597 8596 8596 8602 8602 8601 8601 8607 8607 8606 8606 8612 8612 8611 8611 8617 8617 8616 8616 632 632 637 637 642 642 647 647 684 679 679 679 674 664 664 669 700 695 715 710 710 710 725 720 0 0 0 0 0 0 0
8592 8592 8591 8591 8597 8597 8596 8596 8602 8602 8601 8601 8607 8607 8606 8606 8612 8612 8611 8611 8617 8617 8616 8616 762 762 767 767 772 772 751 751 684 684 684 746 746 741 741 700 700 700 715 715 731 725 725 725 0 0 0 0 0 0 0
0 0 0 0 0 0 0 0 0 0 0 0 0 0 0 0 0 0 0 0 0 0 0 762 762 767 767 772 772 0 0 751 751 0 0 0 746 746 741 741 736 736 715 731 731 757 757 0 0 0 0 0 0 0 0
0 0 0 0 0 0 0 0 0 0 0 0 0 0 0 0 0 0 0 0 0 0 0 0 0 0 0 0 0 0 0 0 0 0 0 0 0 0 0 0 0 736 736 731 757 757 0 0 0 0 0 0 0 0 0
0 0 0 0 0 0 0 0 0 0 0 0 0 0 0 0 0 0 0 0 0 0 0 0 0 0 0 0 0 0 0 0 0 0 0 0 0 0 0 0 0 0 0 0 0 0 0 0 0 0 0 0 0 0 0
0 0 0 0 0 0 0 0 0 0 0 0 0 0 0 0 0 0 0 0 0 0 0 0 0 0 0 0 0 0 0 0 0 0 0 0 0 0 0 0 0 0 0 0 0 0 0 0 0 0 0 0 0 0 0
0 0 0 0 0 0 0 0 0 0 0 0 0 0 0 0 0 0 0 0 0 0 0 0 0 0 0 0 0 0 0 0 0 0 0 0 0 0 0 0 0 0 0 0 0 0 0 0 0 0 0 0 0 0 0
0 0 0 0 0 0 0 0 0 0 0 0 0 0 0 0 0 0 0 0 0 0 0 0 0 0 0 0 0 0 0 0 0 0 0 0 0 0 0 0 0 0 0 0 0 0 0 0 0 0 0 0 0 0 0
0 0 0 0 0 0 0 0 0 0 0 0 0 0 0 0 0 0 0 0 0 0 0 0 0 0 0 0 0 0 0 0 0 0 0 0 0 0 0 0 0 0 0 0 0 0 0 0 0 0 0 0 0 0 0
0 0 0 0 0 0 0 0 0 0 0 0 0 0 0 0 0 0 0 0 0 0 0 0 0 0 0 0 0 0 0 0 0 0 0 0 0 0 0 0 0 0 0 0 0 0 0 0 0 0 0 0 0 0 0
0 0 0 0 0 0 0 0 0 0 0 0 0 0 0 0 0 0 0 0 0 0 0 0 0 0 0 0 0 0 0 0 0 0 0 0 0 0 0 0 0 0 0 0 0 0 0 0 0 0 0 0 0 0 0
0 0 0 0 0 0 0 0 0 0 0 0 0 0 0 0 0 0 0 0 0 0 0 0 0 0 0 0 0 0 0 0 0 0 0 0 0 0 0 0 0 0 0 0 0 0 0 0 0 0 0 0 0 0 0
0 0 0 0 0 0 0 0 0 0 0 0 0 0 0 0 0 0 0 0 0 0 0 0 0 0 0 0 0 0 0 0 0 0 0 0 0 0 0 0 0 0 0 0 0 0 0 0 0 0 0 0 0 0 0
0 0 0 0 0 0 0 0 0 0 0 0 0 0 0 0 0 0 0 0 0 0 0 0 0 0 0 0 0 0 0 0 0 0 0 0 0 0 0 0 0 0 0 0 0 0 0 0 0 0 0 0 0 0 0
0 0 0 0 0 0 0 0 0 0 0 0 0 0 0 0 0 0 0 0 0 0 0 0 0 0 0 0 0 0 0 0 0 0 0 0 0 0 0 0 0 0 0 0 0 0 0 0 0 0 0 0 0 0 0
0 0 0 0 0 0 0 0 0 0 0 0 0 0 0 0 0 0 0 0 0 0 0 0 0 0 0 0 0 0 0 0 0 0 0 0 0 0 0 0 0 0 0 0 0 0 0 0 0 0 0 0 0 0 0
0 0 0 0 0 0 0 0 0 0 0 0 0 0 0 0 0 0 0 0 0 0 0 0 0 0 0 0 0 0 0 0 0 0 0 0 0 0 0 0 0 0 0 0 0 0 0 0 0 0 0 0 0 0 0
