800904
Zlaganje

76
53 53
6004 6003 6003 6003 6009 6008 6008 6008 5024 5024 5024 5025 5034 5034 5034 5035 5044 5044 5044 5045 5054 5054 5054 5055 5064 5064 5064 5065 5074 5074 5074 5075 5084 5084 5084 5085 5094 5094 5094 5095 5104 5104 5104 5105 5114 5114 5114 5115 0 0 0 0 0
6004 6003 6004 6004 6009 6008 6009 6009 5025 5025 5024 5025 5035 5035 5034 5035 5045 5045 5044 5045 5055 5055 5054 5055 5065 5065 5064 5065 5075 5075 5074 5075 5085 5085 5084 5085 5095 5095 5094 5095 5105 5105 5104 5105 5115 5115 5114 5115 0 0 0 0 0
6004 6004 6003 6004 6009 6009 6008 6009 5025 5024 5025 5025 5035 5034 5035 5035 5045 5044 5045 5045 5055 5054 5055 5055 5065 5064 5065 5065 5075 5074 5075 5075 5085 5084 5085 5085 5095 5094 5095 5095 5105 5104 5105 5105 5115 5114 5115 5115 0 0 0 0 0
6003 6003 6003 6004 6008 6008 6008 6009 5025 5024 5024 5024 5035 5034 5034 5034 5045 5044 5044 5044 5055 5054 5054 5054 5065 5064 5064 5064 5075 5074 5074 5074 5085 5084 5084 5084 5095 5094 5094 5094 5105 5104 5104 5104 5115 5114 5114 5114 0 0 0 0 0
6014 6013 6013 6013 6019 6018 6018 6018 5029 5029 5029 5030 5039 5039 5039 5040 5049 5049 5049 5050 5059 5059 5059 5060 5069 5069 5069 5070 5079 5079 5079 5080 5089 5089 5089 5090 5099 5099 5099 5100 5109 5109 5109 5110 5119 5119 5119 5120 0 0 0 0 0
6014 6013 6014 6014 6019 6018 6019 6019 5030 5030 5029 5030 5040 5040 5039 5040 5050 5050 5049 5050 5060 5060 5059 5060 5070 5070 5069 5070 5080 5080 5079 5080 5090 5090 5089 5090 5100 5100 5099 5100 5110 5110 5109 5110 5120 5120 5119 5120 0 0 0 0 0
6014 6014 6013 6014 6019 6019 6018 6019 5030 5029 5030 5030 5040 5039 5040 5040 5050 5049 5050 5050 5060 5059 5060 5060 5070 5069 5070 5070 5080 5079 5080 5080 5090 5089 5090 5090 5100 5099 5100 5100 5110 5109 5110 5110 5120 5119 5120 5120 0 0 0 0 0
6013 6013 6013 6014 6018 6018 6018 6019 5030 5029 5029 5029 5040 5039 5039 5039 5050 5049 5049 5049 5060 5059 5059 5059 5070 5069 5069 5069 5080 5079 5079 5079 5090 5089 5089 5089 5100 5099 5099 5099 5110 5109 5109 5109 5120 5119 5119 5119 0 0 0 0 0
5124 5124 5124 5125 5129 5129 5129 5130 5134 5134 5134 5135 5139 5139 5139 5140 5144 5144 5144 5145 5149 5149 5149 5150 5154 5154 5154 5155 5159 5159 5159 5160 5164 5164 5164 5165 5169 5169 5169 5170 5174 5174 5174 5175 5179 5179 5179 5180 0 0 0 0 0
5125 5125 5124 5125 5130 5130 5129 5130 5135 5135 5134 5135 5140 5140 5139 5140 5145 5145 5144 5145 5150 5150 5149 5150 5155 5155 5154 5155 5160 5160 5159 5160 5165 5165 5164 5165 5170 5170 5169 5170 5175 5175 5174 5175 5180 5180 5179 5180 0 0 0 0 0
5125 5124 5125 5125 5130 5129 5130 5130 5135 5134 5135 5135 5140 5139 5140 5140 5145 5144 5145 5145 5150 5149 5150 5150 5155 5154 5155 5155 5160 5159 5160 5160 5165 5164 5165 5165 5170 5169 5170 5170 5175 5174 5175 5175 5180 5179 5180 5180 0 0 0 0 0
5125 5124 5124 5124 5130 5129 5129 5129 5135 5134 5134 5134 5140 5139 5139 5139 5145 5144 5144 5144 5150 5149 5149 5149 5155 5154 5154 5154 5160 5159 5159 5159 5165 5164 5164 5164 5170 5169 5169 5169 5175 5174 5174 5174 5180 5179 5179 5179 0 0 0 0 0
5184 5184 5184 5185 5189 5189 5189 5190 5194 5194 5194 5195 5199 5199 5199 5200 5204 5204 5204 5205 5209 5209 5209 5210 5214 5214 5214 5215 5219 5219 5219 5220 5224 5224 5224 5225 5229 5229 5229 5230 5234 5234 5234 5235 5239 5239 5239 5240 0 0 0 0 0
5185 5185 5184 5185 5190 5190 5189 5190 5195 5195 5194 5195 5200 5200 5199 5200 5205 5205 5204 5205 5210 5210 5209 5210 5215 5215 5214 5215 5220 5220 5219 5220 5225 5225 5224 5225 5230 5230 5229 5230 5235 5235 5234 5235 5240 5240 5239 5240 0 0 0 0 0
5185 5184 5185 5185 5190 5189 5190 5190 5195 5194 5195 5195 5200 5199 5200 5200 5205 5204 5205 5205 5210 5209 5210 5210 5215 5214 5215 5215 5220 5219 5220 5220 5225 5224 5225 5225 5230 5229 5230 5230 5235 5234 5235 5235 5240 5239 5240 5240 0 0 0 0 0
5185 5184 5184 5184 5190 5189 5189 5189 5195 5194 5194 5194 5200 5199 5199 5199 5205 5204 5204 5204 5210 5209 5209 5209 5215 5214 5214 5214 5220 5219 5219 5219 5225 5224 5224 5224 5230 5229 5229 5229 5235 5234 5234 5234 5240 5239 5239 5239 0 0 0 0 0
5244 5244 5244 5245 5249 5249 5249 5250 5254 5254 5254 5255 5259 5259 5259 5260 5264 5264 5264 5265 5269 5269 5269 5270 5274 5274 5274 5275 7280 7280 7280 7281 7285 7285 7285 7286 7290 7290 7290 7291 7295 7295 7295 7296 8301 8301 8302 8302 0 0 0 0 0
5245 5245 5244 5245 5250 5250 5249 5250 5255 5255 5254 5255 5260 5260 5259 5260 5265 5265 5264 5265 5270 5270 5269 5270 5275 5275 5274 5275 7281 7280 7281 7281 7286 7285 7286 7286 7291 7290 7291 7291 7296 7295 7296 7296 8301 8301 8302 8302 0 0 0 0 0
5245 5244 5245 5245 5250 5249 5250 5250 5255 5254 5255 5255 5260 5259 5260 5260 5265 5264 5265 5265 5270 5269 5270 5270 5275 5274 5275 5275 7281 7281 7280 7281 7286 7286 7285 7286 7291 7291 7290 7291 7296 7296 7295 7296 8302 8302 8301 8301 0 0 0 0 0
5245 5244 5244 5244 5250 5249 5249 5249 5255 5254 5254 5254 5260 5259 5259 5259 5265 5264 5264 5264 5270 5269 5269 5269 5275 5274 5274 5274 7281 7280 7280 7280 7286 7285 7285 7285 7291 7290 7290 7290 7296 7295 7295 7295 8302 8302 8301 8301 0 0 0 0 0
8306 8306 8307 8307 8311 8311 8312 8312 8316 8316 8317 8317 8321 8321 8322 8322 8326 8326 8327 8327 8331 8331 8332 8332 8336 8336 8337 8337 8341 8341 8342 8342 8346 8346 8347 8347 8351 8351 8352 8352 8356 8356 8357 8357 8361 8361 8362 8362 0 0 0 0 0
8306 8306 8307 8307 8311 8311 8312 8312 8316 8316 8317 8317 8321 8321 8322 8322 8326 8326 8327 8327 8331 8331 8332 8332 8336 8336 8337 8337 8341 8341 8342 8342 8346 8346 8347 8347 8351 8351 8352 8352 8356 8356 8357 8357 8361 8361 8362 8362 0 0 0 0 0
8307 8307 8306 8306 8312 8312 8311 8311 8317 8317 8316 8316 8322 8322 8321 8321 8327 8327 8326 8326 8332 8332 8331 8331 8337 8337 8336 8336 8342 8342 8341 8341 8347 8347 8346 8346 8352 8352 8351 8351 8357 8357 8356 8356 8362 8362 8361 8361 0 0 0 0 0
8307 8307 8306 8306 8312 8312 8311 8311 8317 8317 8316 8316 8322 8322 8321 8321 8327 8327 8326 8326 8332 8332 8331 8331 8337 8337 8336 8336 8342 8342 8341 8341 8347 8347 8346 8346 8352 8352 8351 8351 8357 8357 8356 8356 8362 8362 8361 8361 0 0 0 0 0
8366 8366 8367 8367 8371 8371 8372 8372 8376 8376 8377 8377 8381 8381 8382 8382 8386 8386 8387 8387 8391 8391 8392 8392 8396 8396 8397 8397 8401 8401 8402 8402 8406 8406 8407 8407 8411 8411 8412 8412 8416 8416 8417 8417 8421 8421 8422 8422 0 0 0 0 0
8366 8366 8367 8367 8371 8371 8372 8372 8376 8376 8377 8377 8381 8381 8382 8382 8386 8386 8387 8387 8391 8391 8392 8392 8396 8396 8397 8397 8401 8401 8402 8402 8406 8406 8407 8407 8411 8411 8412 8412 8416 8416 8417 8417 8421 8421 8422 8422 0 0 0 0 0
8367 8367 8366 8366 8372 8372 8371 8371 8377 8377 8376 8376 8382 8382 8381 8381 8387 8387 8386 8386 8392 8392 8391 8391 8397 8397 8396 8396 8402 8402 8401 8401 8407 8407 8406 8406 8412 8412 8411 8411 8417 8417 8416 8416 8422 8422 8421 8421 0 0 0 0 0
8367 8367 8366 8366 8372 8372 8371 8371 8377 8377 8376 8376 8382 8382 8381 8381 8387 8387 8386 8386 8392 8392 8391 8391 8397 8397 8396 8396 8402 8402 8401 8401 8407 8407 8406 8406 8412 8412 8411 8411 8417 8417 8416 8416 8422 8422 8421 8421 0 0 0 0 0
8426 8426 8427 8427 8431 8431 8432 8432 8436 8436 8437 8437 8441 8441 8442 8442 8446 8446 8447 8447 8451 8451 8452 8452 8456 8456 8457 8457 8461 8461 8462 8462 8466 8466 8467 8467 8471 8471 8472 8472 8476 8476 8477 8477 8481 8481 8482 8482 0 0 0 0 0
8426 8426 8427 8427 8431 8431 8432 8432 8436 8436 8437 8437 8441 8441 8442 8442 8446 8446 8447 8447 8451 8451 8452 8452 8456 8456 8457 8457 8461 8461 8462 8462 8466 8466 8467 8467 8471 8471 8472 8472 8476 8476 8477 8477 8481 8481 8482 8482 0 0 0 0 0
8427 8427 8426 8426 8432 8432 8431 8431 8437 8437 8436 8436 8442 8442 8441 8441 8447 8447 8446 8446 8452 8452 8451 8451 8457 8457 8456 8456 8462 8462 8461 8461 8467 8467 8466 8466 8472 8472 8471 8471 8477 8477 8476 8476 8482 8482 8481 8481 0 0 0 0 0
8427 8427 8426 8426 8432 8432 8431 8431 8437 8437 8436 8436 8442 8442 8441 8441 8447 8447 8446 8446 8452 8452 8451 8451 8457 8457 8456 8456 8462 8462 8461 8461 8467 8467 8466 8466 8472 8472 8471 8471 8477 8477 8476 8476 8482 8482 8481 8481 0 0 0 0 0
8486 8486 8487 8487 8491 8491 8492 8492 8496 8496 8497 8497 8501 8501 8502 8502 8506 8506 8507 8507 8511 8511 8512 8512 8516 8516 8517 8517 8521 8521 8522 8522 8526 8526 8527 8527 8531 8531 8532 8532 8536 8536 8537 8537 8541 8541 8542 8542 0 0 0 0 0
8486 8486 8487 8487 8491 8491 8492 8492 8496 8496 8497 8497 8501 8501 8502 8502 8506 8506 8507 8507 8511 8511 8512 8512 8516 8516 8517 8517 8521 8521 8522 8522 8526 8526 8527 8527 8531 8531 8532 8532 8536 8536 8537 8537 8541 8541 8542 8542 0 0 0 0 0
8487 8487 8486 8486 8492 8492 8491 8491 8497 8497 8496 8496 8502 8502 8501 8501 8507 8507 8506 8506 8512 8512 8511 8511 8517 8517 8516 8516 8522 8522 8521 8521 8527 8527 8526 8526 8532 8532 8531 8531 8537 8537 8536 8536 8542 8542 8541 8541 649 0 0 0 0
8487 8487 8486 8486 8492 8492 8491 8491 8497 8497 8496 8496 8502 8502 8501 8501 8507 8507 8506 8506 8512 8512 8511 8511 8517 8517 8516 8516 8522 8522 8521 8521 8527 8527 8526 8526 8532 8532 8531 8531 8537 8537 8536 8536 8542 8542 8541 8541 649 0 0 0 0
8546 8546 8547 8547 8551 8551 8552 8552 8556 8556 8557 8557 8561 8561 8562 8562 8566 8566 8567 8567 572 572 577 577 582 582 587 587 592 592 597 597 602 602 608 608 608 613 618 618 618 623 628 628 628 633 644 649 649 0 0 0 0
8546 8546 8547 8547 8551 8551 8552 8552 8556 8556 8557 8557 8561 8561 8562 8562 8566 8566 8567 8567 572 572 577 577 582 582 587 587 592 592 597 597 602 602 608 613 613 613 618 623 623 623 628 633 633 633 644 654 0 0 0 0 0
8547 8547 8546 8546 8552 8552 8551 8551 8557 8557 8556 8556 8562 8562 8561 8561 8567 8567 8566 8566 638 638 638 659 659 659 664 670 675 675 675 680 0 0 0 0 0 0 0 0 0 0 0 691 691 644 644 654 0 0 0 0 0
8547 8547 8546 8546 8552 8552 8551 8551 8557 8557 8556 8556 8562 8562 8561 8561 8567 8567 8566 8566 638 0 0 0 0 659 664 670 670 675 680 680 0 0 0 0 0 0 0 0 0 0 0 0 691 691 654 654 0 0 0 0 0
0 0 0 0 0 0 0 0 0 0 0 0 0 0 0 0 0 0 0 0 0 0 0 0 0 664 664 670 685 685 685 680 0 0 0 0 0 0 0 0 0 0 0 0 0 0 0 0 0 0 0 0 0
0 0 0 0 0 0 0 0 0 0 0 0 0 0 0 0 0 0 0 0 0 0 0 0 0 0 0 0 0 685 0 0 0 0 0 0 0 0 0 0 0 0 0 0 0 0 0 0 0 0 0 0 0
0 0 0 0 0 0 0 0 0 0 0 0 0 0 0 0 0 0 0 0 0 0 0 0 0 0 0 0 0 0 0 0 0 0 0 0 0 0 0 0 0 0 0 0 0 0 0 0 0 0 0 0 0
0 0 0 0 0 0 0 0 0 0 0 0 0 0 0 0 0 0 0 0 0 0 0 0 0 0 0 0 0 0 0 0 0 0 0 0 0 0 0 0 0 0 0 0 0 0 0 0 0 0 0 0 0
0 0 0 0 0 0 0 0 0 0 0 0 0 0 0 0 0 0 0 0 0 0 0 0 0 0 0 0 0 0 0 0 0 0 0 0 0 0 0 0 0 0 0 0 0 0 0 0 0 0 0 0 0
0 0 0 0 0 0 0 0 0 0 0 0 0 0 0 0 0 0 0 0 0 0 0 0 0 0 0 0 0 0 0 0 0 0 0 0 0 0 0 0 0 0 0 0 0 0 0 0 0 0 0 0 0
0 0 0 0 0 0 0 0 0 0 0 0 0 0 0 0 0 0 0 0 0 0 0 0 0 0 0 0 0 0 0 0 0 0 0 0 0 0 0 0 0 0 0 0 0 0 0 0 0 0 0 0 0
0 0 0 0 0 0 0 0 0 0 0 0 0 0 0 0 0 0 0 0 0 0 0 0 0 0 0 0 0 0 0 0 0 0 0 0 0 0 0 0 0 0 0 0 0 0 0 0 0 0 0 0 0
0 0 0 0 0 0 0 0 0 0 0 0 0 0 0 0 0 0 0 0 0 0 0 0 0 0 0 0 0 0 0 0 0 0 0 0 0 0 0 0 0 0 0 0 0 0 0 0 0 0 0 0 0
0 0 0 0 0 0 0 0 0 0 0 0 0 0 0 0 0 0 0 0 0 0 0 0 0 0 0 0 0 0 0 0 0 0 0 0 0 0 0 0 0 0 0 0 0 0 0 0 0 0 0 0 0
0 0 0 0 0 0 0 0 0 0 0 0 0 0 0 0 0 0 0 0 0 0 0 0 0 0 0 0 0 0 0 0 0 0 0 0 0 0 0 0 0 0 0 0 0 0 0 0 0 0 0 0 0
0 0 0 0 0 0 0 0 0 0 0 0 0 0 0 0 0 0 0 0 0 0 0 0 0 0 0 0 0 0 0 0 0 0 0 0 0 0 0 0 0 0 0 0 0 0 0 0 0 0 0 0 0
0 0 0 0 0 0 0 0 0 0 0 0 0 0 0 0 0 0 0 0 0 0 0 0 0 0 0 0 0 0 0 0 0 0 0 0 0 0 0 0 0 0 0 0 0 0 0 0 0 0 0 0 0
