800904
Zlaganje

77
44 44
7005 7005 7005 7006 7010 7010 7010 7011 7025 7025 7025 7026 8036 8036 8037 8037 8046 8046 8047 8047 8056 8056 8057 8057 8066 8066 8067 8067 8076 8076 8077 8077 8086 8086 8087 8087 8096 8096 8097 8097 0 0 0 0
7006 7005 7006 7006 7011 7010 7011 7011 7026 7025 7026 7026 8036 8036 8037 8037 8046 8046 8047 8047 8056 8056 8057 8057 8066 8066 8067 8067 8076 8076 8077 8077 8086 8086 8087 8087 8096 8096 8097 8097 0 0 0 0
7006 7006 7005 7006 7011 7011 7010 7011 7026 7026 7025 7026 8037 8037 8036 8036 8047 8047 8046 8046 8057 8057 8056 8056 8067 8067 8066 8066 8077 8077 8076 8076 8087 8087 8086 8086 8097 8097 8096 8096 0 0 0 0
7006 7005 7005 7005 7011 7010 7010 7010 7026 7025 7025 7025 8037 8037 8036 8036 8047 8047 8046 8046 8057 8057 8056 8056 8067 8067 8066 8066 8077 8077 8076 8076 8087 8087 8086 8086 8097 8097 8096 8096 0 0 0 0
7015 7015 7015 7016 7020 7020 7020 7021 8031 8031 8032 8032 8041 8041 8042 8042 8051 8051 8052 8052 8061 8061 8062 8062 8071 8071 8072 8072 8081 8081 8082 8082 8091 8091 8092 8092 8101 8101 8102 8102 0 0 0 0
7016 7015 7016 7016 7021 7020 7021 7021 8031 8031 8032 8032 8041 8041 8042 8042 8051 8051 8052 8052 8061 8061 8062 8062 8071 8071 8072 8072 8081 8081 8082 8082 8091 8091 8092 8092 8101 8101 8102 8102 0 0 0 0
7016 7016 7015 7016 7021 7021 7020 7021 8032 8032 8031 8031 8042 8042 8041 8041 8052 8052 8051 8051 8062 8062 8061 8061 8072 8072 8071 8071 8082 8082 8081 8081 8092 8092 8091 8091 8102 8102 8101 8101 0 0 0 0
7016 7015 7015 7015 7021 7020 7020 7020 8032 8032 8031 8031 8042 8042 8041 8041 8052 8052 8051 8051 8062 8062 8061 8061 8072 8072 8071 8071 8082 8082 8081 8081 8092 8092 8091 8091 8102 8102 8101 8101 0 0 0 0
8106 8106 8107 8107 8111 8111 8112 8112 8116 8116 8117 8117 8121 8121 8122 8122 8126 8126 8127 8127 8131 8131 8132 8132 8136 8136 8137 8137 8141 8141 8142 8142 8146 8146 8147 8147 8151 8151 8152 8152 0 0 0 0
8106 8106 8107 8107 8111 8111 8112 8112 8116 8116 8117 8117 8121 8121 8122 8122 8126 8126 8127 8127 8131 8131 8132 8132 8136 8136 8137 8137 8141 8141 8142 8142 8146 8146 8147 8147 8151 8151 8152 8152 0 0 0 0
8107 8107 8106 8106 8112 8112 8111 8111 8117 8117 8116 8116 8122 8122 8121 8121 8127 8127 8126 8126 8132 8132 8131 8131 8137 8137 8136 8136 8142 8142 8141 8141 8147 8147 8146 8146 8152 8152 8151 8151 0 0 0 0
8107 8107 8106 8106 8112 8112 8111 8111 8117 8117 8116 8116 8122 8122 8121 8121 8127 8127 8126 8126 8132 8132 8131 8131 8137 8137 8136 8136 8142 8142 8141 8141 8147 8147 8146 8146 8152 8152 8151 8151 0 0 0 0
8156 8156 8157 8157 8161 8161 8162 8162 8166 8166 8167 8167 8171 8171 8172 8172 8176 8176 8177 8177 8181 8181 8182 8182 8186 8186 8187 8187 8191 8191 8192 8192 8196 8196 8197 8197 8201 8201 8202 8202 0 0 0 0
8156 8156 8157 8157 8161 8161 8162 8162 8166 8166 8167 8167 8171 8171 8172 8172 8176 8176 8177 8177 8181 8181 8182 8182 8186 8186 8187 8187 8191 8191 8192 8192 8196 8196 8197 8197 8201 8201 8202 8202 0 0 0 0
8157 8157 8156 8156 8162 8162 8161 8161 8167 8167 8166 8166 8172 8172 8171 8171 8177 8177 8176 8176 8182 8182 8181 8181 8187 8187 8186 8186 8192 8192 8191 8191 8197 8197 8196 8196 8202 8202 8201 8201 0 0 0 0
8157 8157 8156 8156 8162 8162 8161 8161 8167 8167 8166 8166 8172 8172 8171 8171 8177 8177 8176 8176 8182 8182 8181 8181 8187 8187 8186 8186 8192 8192 8191 8191 8197 8197 8196 8196 8202 8202 8201 8201 0 0 0 0
8206 8206 8207 8207 8211 8211 8212 8212 8216 8216 8217 8217 8221 8221 8222 8222 8226 8226 8227 8227 8231 8231 8232 8232 8236 8236 8237 8237 8241 8241 8242 8242 8246 8246 8247 8247 8251 8251 8252 8252 0 0 0 0
8206 8206 8207 8207 8211 8211 8212 8212 8216 8216 8217 8217 8221 8221 8222 8222 8226 8226 8227 8227 8231 8231 8232 8232 8236 8236 8237 8237 8241 8241 8242 8242 8246 8246 8247 8247 8251 8251 8252 8252 0 0 0 0
8207 8207 8206 8206 8212 8212 8211 8211 8217 8217 8216 8216 8222 8222 8221 8221 8227 8227 8226 8226 8232 8232 8231 8231 8237 8237 8236 8236 8242 8242 8241 8241 8247 8247 8246 8246 8252 8252 8251 8251 0 0 0 0
8207 8207 8206 8206 8212 8212 8211 8211 8217 8217 8216 8216 8222 8222 8221 8221 8227 8227 8226 8226 8232 8232 8231 8231 8237 8237 8236 8236 8242 8242 8241 8241 8247 8247 8246 8246 8252 8252 8251 8251 0 0 0 0
8256 8256 8257 8257 8261 8261 8262 8262 8266 8266 8267 8267 8271 8271 8272 8272 8276 8276 8277 8277 8281 8281 8282 8282 8286 8286 8287 8287 8291 8291 8292 8292 8296 8296 8297 8297 8301 8301 8302 8302 0 0 0 0
8256 8256 8257 8257 8261 8261 8262 8262 8266 8266 8267 8267 8271 8271 8272 8272 8276 8276 8277 8277 8281 8281 8282 8282 8286 8286 8287 8287 8291 8291 8292 8292 8296 8296 8297 8297 8301 8301 8302 8302 0 0 0 0
8257 8257 8256 8256 8262 8262 8261 8261 8267 8267 8266 8266 8272 8272 8271 8271 8277 8277 8276 8276 8282 8282 8281 8281 8287 8287 8286 8286 8292 8292 8291 8291 8297 8297 8296 8296 8302 8302 8301 8301 0 0 0 0
8257 8257 8256 8256 8262 8262 8261 8261 8267 8267 8266 8266 8272 8272 8271 8271 8277 8277 8276 8276 8282 8282 8281 8281 8287 8287 8286 8286 8292 8292 8291 8291 8297 8297 8296 8296 8302 8302 8301 8301 0 0 0 0
8306 8306 8307 8307 8311 8311 8312 8312 8316 8316 8317 8317 8321 8321 8322 8322 326 326 326 326 331 331 331 331 357 357 362 362 367 367 375 375 375 385 0 0 0 0 0 0 0 0 0 0
8306 8306 8307 8307 8311 8311 8312 8312 8316 8316 8317 8317 8321 8321 8322 8322 337 337 342 342 347 347 352 352 357 357 362 362 367 367 380 375 385 385 517 0 0 0 0 0 0 0 0 0
8307 8307 8306 8306 8312 8312 8311 8311 8317 8317 8316 8316 8322 8322 8321 8321 337 337 342 342 347 347 352 352 397 397 402 402 407 380 380 380 390 385 517 517 0 0 0 0 0 0 0 0
8307 8307 8306 8306 8312 8312 8311 8311 8317 8317 8316 8316 8322 8322 8321 8321 432 432 437 437 442 442 447 397 397 402 402 412 407 407 417 390 390 390 512 517 0 0 0 0 0 0 0 0
0 0 0 0 0 0 0 0 0 0 0 0 0 0 0 432 432 437 437 442 442 452 447 447 457 0 427 412 412 407 417 417 0 507 512 512 0 0 0 0 0 0 0 0
0 0 0 0 0 0 0 0 0 0 0 0 0 0 0 0 0 0 0 0 467 452 452 447 457 457 427 427 412 422 422 417 502 507 507 512 0 0 0 0 0 0 0 0
0 0 0 0 0 0 0 0 0 0 0 0 0 0 0 0 0 0 0 0 467 467 452 462 462 457 472 427 422 422 487 487 502 502 507 0 0 0 0 0 0 0 0 0
0 0 0 0 0 0 0 0 0 0 0 0 0 0 0 0 0 0 0 0 0 467 462 462 477 477 472 472 492 487 487 497 497 502 0 0 0 0 0 0 0 0 0 0
0 0 0 0 0 0 0 0 0 0 0 0 0 0 0 0 0 0 0 0 0 0 0 477 477 482 482 472 492 492 497 497 0 0 0 0 0 0 0 0 0 0 0 0
0 0 0 0 0 0 0 0 0 0 0 0 0 0 0 0 0 0 0 0 0 0 0 0 482 482 0 0 0 492 0 0 0 0 0 0 0 0 0 0 0 0 0 0
0 0 0 0 0 0 0 0 0 0 0 0 0 0 0 0 0 0 0 0 0 0 0 0 0 0 0 0 0 0 0 0 0 0 0 0 0 0 0 0 0 0 0 0
0 0 0 0 0 0 0 0 0 0 0 0 0 0 0 0 0 0 0 0 0 0 0 0 0 0 0 0 0 0 0 0 0 0 0 0 0 0 0 0 0 0 0 0
0 0 0 0 0 0 0 0 0 0 0 0 0 0 0 0 0 0 0 0 0 0 0 0 0 0 0 0 0 0 0 0 0 0 0 0 0 0 0 0 0 0 0 0
0 0 0 0 0 0 0 0 0 0 0 0 0 0 0 0 0 0 0 0 0 0 0 0 0 0 0 0 0 0 0 0 0 0 0 0 0 0 0 0 0 0 0 0
0 0 0 0 0 0 0 0 0 0 0 0 0 0 0 0 0 0 0 0 0 0 0 0 0 0 0 0 0 0 0 0 0 0 0 0 0 0 0 0 0 0 0 0
0 0 0 0 0 0 0 0 0 0 0 0 0 0 0 0 0 0 0 0 0 0 0 0 0 0 0 0 0 0 0 0 0 0 0 0 0 0 0 0 0 0 0 0
0 0 0 0 0 0 0 0 0 0 0 0 0 0 0 0 0 0 0 0 0 0 0 0 0 0 0 0 0 0 0 0 0 0 0 0 0 0 0 0 0 0 0 0
0 0 0 0 0 0 0 0 0 0 0 0 0 0 0 0 0 0 0 0 0 0 0 0 0 0 0 0 0 0 0 0 0 0 0 0 0 0 0 0 0 0 0 0
0 0 0 0 0 0 0 0 0 0 0 0 0 0 0 0 0 0 0 0 0 0 0 0 0 0 0 0 0 0 0 0 0 0 0 0 0 0 0 0 0 0 0 0
0 0 0 0 0 0 0 0 0 0 0 0 0 0 0 0 0 0 0 0 0 0 0 0 0 0 0 0 0 0 0 0 0 0 0 0 0 0 0 0 0 0 0 0
