800904
Zlaganje

78
55 55
5004 5004 5004 5005 5009 5009 5009 5010 26 49 54 54 54 0 141 0 146 0 0 0 0 0 266 266 276 276 286 286 301 301 311 311 321 321 331 331 341 341 351 351 361 361 371 371 381 381 391 391 411 411 0 0 0 0 0
5005 5005 5004 5005 5010 5010 5009 5010 26 49 49 49 54 141 141 146 146 0 211 0 236 0 256 266 266 276 276 286 286 301 301 311 311 321 321 331 331 341 341 351 351 361 361 371 371 381 381 391 391 411 411 0 0 0 0
5005 5004 5005 5005 5010 5009 5010 5010 26 34 59 59 59 141 136 146 151 211 211 236 236 256 256 261 261 0 291 291 296 296 306 306 316 316 326 326 336 336 346 346 356 356 366 366 376 376 386 386 406 406 0 0 0 0 0
5005 5004 5004 5004 5010 5009 5009 5009 26 34 0 65 59 136 136 151 151 211 206 236 231 256 251 251 261 261 271 291 291 296 296 306 306 316 316 326 326 336 336 346 346 356 356 366 366 376 376 386 386 406 406 0 0 0 0
5014 5014 5014 5015 5019 5019 5019 5020 34 34 44 65 65 136 131 151 156 206 206 231 231 241 241 251 251 271 271 0 496 0 531 0 566 0 816 0 926 0 1001 1237 0 0 1482 1482 1487 1487 1492 1492 1497 1497 1542 1542 0 0 0
5015 5015 5014 5015 5020 5020 5019 5020 39 39 44 65 70 131 131 156 156 206 201 231 226 226 241 241 246 271 281 496 496 531 531 566 566 816 816 926 926 1001 1001 1237 1237 1482 1482 1487 1487 1492 1492 1497 1497 1542 1542 0 0 0 0
5015 5014 5015 5015 5020 5019 5020 5020 39 44 44 70 70 131 126 156 161 201 201 216 216 226 226 246 246 281 281 496 501 531 536 566 571 816 821 926 931 1001 1006 1242 1237 1562 0 2057 0 2307 0 2542 0 0 0 0 0 0 0
5015 5014 5014 5014 5020 5019 5019 5019 39 75 75 75 70 126 126 161 161 201 196 196 216 216 221 246 396 281 416 501 501 536 536 571 571 821 821 931 931 1006 1006 1242 1242 1562 1562 2057 2057 2307 2307 2542 2542 0 0 0 0 0 0
101 101 96 96 91 91 86 86 81 81 75 106 106 126 0 161 166 186 186 196 196 221 221 396 396 416 416 501 506 536 541 571 576 821 826 931 936 1006 1011 1247 1242 1567 1562 2052 2057 2302 2307 2537 2542 0 0 0 0 0 0
0 101 101 96 96 91 91 86 86 81 81 111 106 106 121 166 166 171 186 186 191 221 401 396 421 416 426 506 506 541 541 576 576 826 826 936 936 1011 1011 1247 1247 1567 1567 2052 2052 2302 2302 2537 2537 0 0 0 0 0 0
0 661 661 656 656 651 651 0 0 0 111 111 116 121 121 166 171 171 181 191 191 401 401 421 421 426 426 506 511 541 546 576 581 826 831 936 941 1011 1016 1252 1247 1572 1567 2047 2052 2297 2302 2532 2537 0 0 0 0 0 0
676 676 661 661 656 656 651 651 631 631 111 116 116 121 176 176 171 181 181 191 431 401 436 421 441 426 451 511 511 546 546 581 581 831 831 941 941 1016 1016 1252 1252 1572 1572 2047 2047 2297 2297 2532 2532 0 0 0 0 0 0
0 676 676 671 671 666 666 636 636 631 631 116 466 456 456 176 176 181 446 431 431 436 436 441 441 451 451 511 516 546 551 581 586 831 836 941 946 1016 1021 1257 1252 1577 1572 2042 2047 2292 2297 2527 2532 0 0 0 0 0 0
691 691 681 681 671 671 666 666 636 636 626 466 466 471 456 456 461 446 446 431 476 436 481 441 486 451 491 516 516 551 551 586 586 836 836 946 946 1021 1021 1257 1257 1577 1577 2042 2042 2292 2292 2527 2527 0 0 0 0 0 0
0 691 691 681 681 751 751 0 0 626 626 466 471 471 521 461 461 446 526 476 476 481 481 486 486 491 491 516 556 551 561 586 616 836 841 946 951 1021 1026 1262 1257 1582 1577 2037 2042 2287 2292 2522 2527 0 0 0 0 0 0
776 776 761 761 756 756 751 751 746 626 621 621 471 521 521 461 591 526 526 476 611 481 606 486 601 491 596 556 556 561 561 616 616 841 841 951 951 1026 1026 1262 1262 1582 1582 2037 2037 2287 2287 2522 2522 0 0 0 0 0 0
0 776 776 761 761 756 756 746 746 696 696 621 621 521 641 591 591 526 646 611 611 606 606 601 601 596 596 556 706 561 711 616 736 841 846 951 956 1026 1031 1267 1262 1587 1582 2032 2037 2282 2287 2517 2522 0 0 0 0 0 0
0 791 791 786 786 781 781 746 741 741 696 696 701 641 641 591 686 646 646 611 731 606 726 601 721 596 716 706 706 711 711 736 736 846 846 956 956 1031 1031 1267 1267 1587 1587 2032 2032 2282 2282 2517 2517 0 0 0 0 0 0
1086 1086 791 791 786 786 781 781 796 741 741 701 701 641 766 686 686 646 771 731 731 726 726 721 721 716 716 706 801 711 806 736 811 846 881 956 961 1031 1036 1272 1267 1592 1587 2027 2032 2277 2282 2512 2517 0 0 0 0 0 0
0 1086 1086 1081 1081 0 0 796 796 851 851 701 0 766 766 686 856 771 771 731 876 726 871 721 866 716 861 801 801 806 806 811 811 881 881 961 961 1036 1036 1272 1272 1592 1592 2027 2027 2277 2277 2512 2512 0 0 0 0 0 0
1096 1096 1091 1091 1081 1081 1076 796 886 886 851 851 896 766 891 856 856 771 901 876 876 871 871 866 866 861 861 801 906 806 911 811 916 881 921 961 991 1036 1066 1277 1272 1597 1592 2022 2027 2272 2277 2507 2512 0 0 0 0 0 0
0 1096 1096 1091 1091 1076 1076 996 996 886 886 896 896 891 891 856 966 901 901 876 986 871 981 866 976 861 971 906 906 911 911 916 916 921 921 991 991 1066 1066 1277 1277 1597 1597 2022 2022 2272 2272 2507 2507 0 0 0 0 0 0
0 1121 1121 1116 1116 1076 1071 1071 996 996 1051 896 1046 891 1041 966 966 901 1056 986 986 981 981 976 976 971 971 906 1126 911 1132 916 1137 921 1142 991 1147 1066 0 1637 1277 1632 1597 2017 2022 2267 2272 2502 2507 0 0 0 0 0 0
0 0 1121 1121 1116 1116 1162 1071 1071 1051 1051 1046 1046 1041 1041 966 1061 1056 1056 986 1167 981 1172 976 1177 971 0 1126 1126 1152 1132 1132 1137 1137 1142 1142 1147 1147 1642 1637 1637 1632 1632 2017 2017 2267 2267 2502 2502 0 0 0 0 0 0
0 1337 1337 1332 1332 1202 1162 1162 0 1051 1111 1046 1106 1041 1101 1061 1061 1056 1182 1182 1167 1167 1172 1172 1177 1177 1187 1126 1157 1152 1152 1132 1207 1137 1212 1142 1217 1147 1642 1642 1637 1667 1632 2012 2017 2262 2267 2497 2502 0 0 0 0 0 0
1337 1337 1332 1332 1327 1202 1202 1162 0 1111 1111 1106 1106 1101 1101 1061 1197 1182 1182 1192 1192 1167 1227 1172 1232 1177 1187 1187 1157 1157 1152 1222 1207 1207 1212 1212 1217 1217 1647 1642 1672 1667 1667 2012 2012 2262 2262 2497 2497 0 0 0 0 0 0
0 1412 1412 1342 1327 1327 1202 1322 1322 1111 1352 1106 0 1101 1282 1282 1197 1197 1192 1192 1287 1287 1227 1227 1232 1232 1292 1187 1297 1157 1302 1222 1222 1207 1377 1212 1382 1217 1647 1647 1672 1672 1667 2007 2012 2257 2262 2492 2497 0 0 0 0 0 0
1412 1412 1407 1342 1342 1327 1322 1322 1357 1357 1352 1352 1362 1282 1282 1307 1307 1197 1317 1287 1287 1312 1312 1227 1417 1232 1292 1292 1297 1297 1302 1302 1222 1387 1377 1377 1382 1382 1652 1647 1677 1672 1987 2007 2007 2257 2257 2492 2492 0 0 0 0 0 0
0 1457 1407 1407 1342 1367 1367 1357 1357 1372 1372 1352 1362 1362 1307 1307 1347 1347 1317 1317 1312 1312 1427 1427 1417 1417 1422 1292 1402 1297 1397 1302 1392 1387 1387 1377 1462 1382 1652 1652 1677 1677 1987 1987 2007 2252 2257 2487 2492 0 0 0 0 0 0
1547 1457 1457 1407 1367 1367 1432 1432 1372 1372 1472 1472 1477 1362 1442 1347 1347 1437 1437 1317 1452 1427 1427 1447 1447 1417 1422 1422 1402 1402 1397 1397 1392 1392 1387 1467 1462 1462 1657 1652 1682 1677 1982 1987 2237 2252 2252 2487 2487 0 0 0 0 0 0
1547 1547 1457 1502 1502 1432 1432 1507 1507 1472 1472 1512 1477 1477 1442 1442 1437 1437 1517 1517 1452 1452 1447 1447 1552 1552 1557 1422 1537 1402 1532 1397 1527 1392 1522 1467 1467 1462 1657 1657 1682 1682 1982 1982 2237 2237 2252 2482 2487 0 0 0 0 0 0
1772 1547 1502 1502 1602 1602 1507 1507 1687 1687 1692 1512 1512 1477 1617 1442 1612 1517 1517 1607 1607 1452 1717 1552 1552 1622 1557 1557 1537 1537 1532 1532 1527 1527 1522 1522 1467 1662 1662 1657 1752 1682 1977 1982 2232 2237 2477 2482 2482 0 0 0 0 0 0
1772 1772 1767 1602 1602 1697 1697 1687 1687 1702 1692 1692 1512 1627 1617 1617 1612 1612 1607 1607 1727 1727 1717 1717 1722 1622 1622 1557 1777 1537 1782 1532 1787 1527 1792 1522 1662 1662 1757 1757 1752 1752 1977 1977 2232 2232 2477 2477 2482 0 0 0 0 0 0
1862 1772 1767 1767 1697 1697 1817 1817 1822 1702 1702 1692 1707 1627 1627 1617 1742 1612 1737 1727 1727 1732 1732 1717 1722 1722 1622 1802 1777 1777 1782 1782 1787 1787 1792 1792 1797 1757 1757 1762 1762 1752 1972 1977 2227 2232 2472 2477 0 0 0 0 0 0 0
1862 1862 1857 1767 1837 1817 1817 1827 1822 1822 1702 1712 1707 1707 1627 1747 1742 1742 1737 1737 1732 1732 1867 1867 1872 1722 1807 1802 1802 1777 1882 1782 1887 1787 1892 1792 1797 1797 1762 1762 1932 1932 1972 1972 2227 2227 2472 2472 0 0 0 0 0 0 0
2092 1862 1857 1857 1837 1837 1842 1827 1827 1822 1832 1712 1712 1707 1812 1747 1747 1742 1942 1737 1947 1867 1867 1877 1872 1872 1807 1807 1802 1897 1882 1882 1887 1887 1892 1892 1902 1797 1937 1932 1932 1967 1967 1972 2217 2227 2467 2472 0 0 0 0 0 0 0
2092 2092 2087 1857 2072 1837 1842 1842 1827 1847 1832 1832 1712 1852 1812 1812 1747 1957 1942 1942 1947 1947 1952 1877 1877 1872 1912 1807 1907 1897 1897 1882 2102 1887 2107 1892 1902 1902 1937 1937 1967 1967 2147 2147 2217 2217 2467 2467 0 0 0 0 0 0 0
2357 2092 2087 2087 2072 2072 2077 1842 1917 1847 1847 1832 1922 1852 1852 1812 1962 1957 1957 1942 2167 1947 1952 1952 1877 1927 1912 1912 1907 1907 1897 2112 2102 2102 2107 2107 2117 1902 2122 1937 2152 2147 2147 2212 2212 2217 2462 2467 0 0 0 0 0 0 0
2357 2357 2352 2087 2327 2072 2077 2077 1917 1917 1847 1992 1922 1922 1852 1997 1962 1962 1957 2177 2167 2167 2172 1952 2002 1927 1927 1912 2132 1907 2127 2112 2112 2102 2362 2107 2117 2117 2122 2122 2152 2152 2212 2212 2442 2442 2462 2462 0 0 0 0 0 0 0
2567 2357 2352 2352 2327 2327 2332 2077 2082 1917 2062 1992 1992 1922 2067 1997 1997 1962 2182 2177 2177 2167 2172 2172 2002 2002 1927 2137 2132 2132 2127 2127 2112 2367 2362 2362 2372 2117 2377 2122 2382 2152 2447 2442 2442 2452 2452 2462 0 0 0 0 0 0 0
2567 2567 2562 2352 2547 2327 2332 2332 2082 2082 2062 2062 1992 2097 2067 2067 1997 2192 2182 2182 2177 2187 2187 2172 2197 2002 2142 2137 2137 2132 2397 2127 2387 2367 2367 2362 2372 2372 2377 2377 2382 2382 2447 2447 2452 2452 2572 2572 0 0 0 0 0 0 0
0 2567 2562 2562 2547 2547 2552 2332 2342 2082 2162 2062 2157 2097 2097 2067 2202 2192 2192 2182 2187 2187 2207 2207 2197 2197 2142 2142 2137 2402 2397 2397 2387 2387 2367 2392 2392 2372 2577 2377 0 2382 0 2447 0 2572 2572 0 0 0 0 0 0 0 0
0 0 0 2562 0 2547 2552 2552 2342 2342 2162 2162 2157 2157 2097 2242 2202 2202 2192 2222 2222 2207 2207 2247 2247 2197 2412 2142 2407 2402 2402 2397 0 2387 2392 2392 0 0 2577 2577 0 0 0 0 0 0 0 0 0 0 0 0 0 0 0
0 0 0 0 0 0 0 2552 2557 2342 2347 2162 2317 2157 2312 2242 2242 2202 2222 2222 2322 2322 2247 2247 2417 2417 2412 2412 2407 2407 2402 0 0 0 0 0 0 0 0 2577 0 0 0 0 0 0 0 0 0 0 0 0 0 0 0
0 0 0 0 0 0 0 0 2557 2557 2347 2347 2317 2317 2312 2312 2242 2337 2337 2322 2322 2422 2422 2417 2417 2427 2427 2412 0 2407 0 0 0 0 0 0 0 0 0 0 0 0 0 0 0 0 0 0 0 0 0 0 0 0 0
0 0 0 0 0 0 0 0 0 2557 0 2347 0 2317 0 2312 2337 2337 2432 2432 2422 2422 2437 2437 2427 2427 0 0 0 0 0 0 0 0 0 0 0 0 0 0 0 0 0 0 0 0 0 0 0 0 0 0 0 0 0
0 0 0 0 0 0 0 0 0 0 0 0 0 0 0 0 0 2432 2432 2457 2457 2437 2437 0 0 0 0 0 0 0 0 0 0 0 0 0 0 0 0 0 0 0 0 0 0 0 0 0 0 0 0 0 0 0 0
0 0 0 0 0 0 0 0 0 0 0 0 0 0 0 0 0 0 2457 2457 0 0 0 0 0 0 0 0 0 0 0 0 0 0 0 0 0 0 0 0 0 0 0 0 0 0 0 0 0 0 0 0 0 0 0
0 0 0 0 0 0 0 0 0 0 0 0 0 0 0 0 0 0 0 0 0 0 0 0 0 0 0 0 0 0 0 0 0 0 0 0 0 0 0 0 0 0 0 0 0 0 0 0 0 0 0 0 0 0 0
0 0 0 0 0 0 0 0 0 0 0 0 0 0 0 0 0 0 0 0 0 0 0 0 0 0 0 0 0 0 0 0 0 0 0 0 0 0 0 0 0 0 0 0 0 0 0 0 0 0 0 0 0 0 0
0 0 0 0 0 0 0 0 0 0 0 0 0 0 0 0 0 0 0 0 0 0 0 0 0 0 0 0 0 0 0 0 0 0 0 0 0 0 0 0 0 0 0 0 0 0 0 0 0 0 0 0 0 0 0
0 0 0 0 0 0 0 0 0 0 0 0 0 0 0 0 0 0 0 0 0 0 0 0 0 0 0 0 0 0 0 0 0 0 0 0 0 0 0 0 0 0 0 0 0 0 0 0 0 0 0 0 0 0 0
0 0 0 0 0 0 0 0 0 0 0 0 0 0 0 0 0 0 0 0 0 0 0 0 0 0 0 0 0 0 0 0 0 0 0 0 0 0 0 0 0 0 0 0 0 0 0 0 0 0 0 0 0 0 0
0 0 0 0 0 0 0 0 0 0 0 0 0 0 0 0 0 0 0 0 0 0 0 0 0 0 0 0 0 0 0 0 0 0 0 0 0 0 0 0 0 0 0 0 0 0 0 0 0 0 0 0 0 0 0
0 0 0 0 0 0 0 0 0 0 0 0 0 0 0 0 0 0 0 0 0 0 0 0 0 0 0 0 0 0 0 0 0 0 0 0 0 0 0 0 0 0 0 0 0 0 0 0 0 0 0 0 0 0 0
