800904
Zlaganje

79
65 65
4002 4002 4002 4002 4007 4007 4007 4007 4022 4022 4022 4022 4032 4032 4032 4032 4042 4042 4042 4042 4052 4052 4052 4052 4062 4062 4062 4062 4072 4072 4072 4072 4082 4082 4082 4082 4092 4092 4092 4092 4102 4102 4102 4102 4112 4112 4112 4112 4122 4122 4122 4122 4132 4132 4132 4132 4142 4142 4142 4142 0 0 0 0 0
4003 4003 4003 4003 4008 4008 4008 4008 4023 4023 4023 4023 4033 4033 4033 4033 4043 4043 4043 4043 4053 4053 4053 4053 4063 4063 4063 4063 4073 4073 4073 4073 4083 4083 4083 4083 4093 4093 4093 4093 4103 4103 4103 4103 4113 4113 4113 4113 4123 4123 4123 4123 4133 4133 4133 4133 4143 4143 4143 4143 0 0 0 0 0
4002 4002 4002 4002 4007 4007 4007 4007 4022 4022 4022 4022 4032 4032 4032 4032 4042 4042 4042 4042 4052 4052 4052 4052 4062 4062 4062 4062 4072 4072 4072 4072 4082 4082 4082 4082 4092 4092 4092 4092 4102 4102 4102 4102 4112 4112 4112 4112 4122 4122 4122 4122 4132 4132 4132 4132 4142 4142 4142 4142 0 0 0 0 0
4003 4003 4003 4003 4008 4008 4008 4008 4023 4023 4023 4023 4033 4033 4033 4033 4043 4043 4043 4043 4053 4053 4053 4053 4063 4063 4063 4063 4073 4073 4073 4073 4083 4083 4083 4083 4093 4093 4093 4093 4103 4103 4103 4103 4113 4113 4113 4113 4123 4123 4123 4123 4133 4133 4133 4133 4143 4143 4143 4143 0 0 0 0 0
4012 4012 4012 4012 4017 4017 4017 4017 4027 4027 4027 4027 4037 4037 4037 4037 4047 4047 4047 4047 4057 4057 4057 4057 4067 4067 4067 4067 4077 4077 4077 4077 4087 4087 4087 4087 4097 4097 4097 4097 4107 4107 4107 4107 4117 4117 4117 4117 4127 4127 4127 4127 4137 4137 4137 4137 4147 4147 4147 4147 0 0 0 0 0
4013 4013 4013 4013 4018 4018 4018 4018 4028 4028 4028 4028 4038 4038 4038 4038 4048 4048 4048 4048 4058 4058 4058 4058 4068 4068 4068 4068 4078 4078 4078 4078 4088 4088 4088 4088 4098 4098 4098 4098 4108 4108 4108 4108 4118 4118 4118 4118 4128 4128 4128 4128 4138 4138 4138 4138 4148 4148 4148 4148 0 0 0 0 0
4012 4012 4012 4012 4017 4017 4017 4017 4027 4027 4027 4027 4037 4037 4037 4037 4047 4047 4047 4047 4057 4057 4057 4057 4067 4067 4067 4067 4077 4077 4077 4077 4087 4087 4087 4087 4097 4097 4097 4097 4107 4107 4107 4107 4117 4117 4117 4117 4127 4127 4127 4127 4137 4137 4137 4137 4147 4147 4147 4147 0 0 0 0 0
4013 4013 4013 4013 4018 4018 4018 4018 4028 4028 4028 4028 4038 4038 4038 4038 4048 4048 4048 4048 4058 4058 4058 4058 4068 4068 4068 4068 4078 4078 4078 4078 4088 4088 4088 4088 4098 4098 4098 4098 4108 4108 4108 4108 4118 4118 4118 4118 4128 4128 4128 4128 4138 4138 4138 4138 4148 4148 4148 4148 0 0 0 0 0
4152 4152 4152 4152 4157 4157 4157 4157 4162 4162 4162 4162 4167 4167 4167 4167 4172 4172 4172 4172 4177 4177 4177 4177 4182 4182 4182 4182 4187 4187 4187 4187 4192 4192 4192 4192 4197 4197 4197 4197 4202 4202 4202 4202 4207 4207 4207 4207 4212 4212 4212 4212 4217 4217 4217 4217 4222 4222 4222 4222 0 0 0 0 0
4153 4153 4153 4153 4158 4158 4158 4158 4163 4163 4163 4163 4168 4168 4168 4168 4173 4173 4173 4173 4178 4178 4178 4178 4183 4183 4183 4183 4188 4188 4188 4188 4193 4193 4193 4193 4198 4198 4198 4198 4203 4203 4203 4203 4208 4208 4208 4208 4213 4213 4213 4213 4218 4218 4218 4218 4223 4223 4223 4223 0 0 0 0 0
4152 4152 4152 4152 4157 4157 4157 4157 4162 4162 4162 4162 4167 4167 4167 4167 4172 4172 4172 4172 4177 4177 4177 4177 4182 4182 4182 4182 4187 4187 4187 4187 4192 4192 4192 4192 4197 4197 4197 4197 4202 4202 4202 4202 4207 4207 4207 4207 4212 4212 4212 4212 4217 4217 4217 4217 4222 4222 4222 4222 0 0 0 0 0
4153 4153 4153 4153 4158 4158 4158 4158 4163 4163 4163 4163 4168 4168 4168 4168 4173 4173 4173 4173 4178 4178 4178 4178 4183 4183 4183 4183 4188 4188 4188 4188 4193 4193 4193 4193 4198 4198 4198 4198 4203 4203 4203 4203 4208 4208 4208 4208 4213 4213 4213 4213 4218 4218 4218 4218 4223 4223 4223 4223 0 0 0 0 0
4227 4227 4227 4227 4232 4232 4232 4232 4237 4237 4237 4237 4242 4242 4242 4242 4247 4247 4247 4247 4252 4252 4252 4252 4257 4257 4257 4257 4262 4262 4262 4262 5269 5269 5269 5270 5274 5274 5274 5275 5279 5279 5279 5280 5284 5284 5284 5285 5289 5289 5289 5290 7295 7295 7295 7296 7300 7300 7300 7301 0 0 0 0 0
4228 4228 4228 4228 4233 4233 4233 4233 4238 4238 4238 4238 4243 4243 4243 4243 4248 4248 4248 4248 4253 4253 4253 4253 4258 4258 4258 4258 4263 4263 4263 4263 5270 5270 5269 5270 5275 5275 5274 5275 5280 5280 5279 5280 5285 5285 5284 5285 5290 5290 5289 5290 7296 7295 7296 7296 7301 7300 7301 7301 0 0 0 0 0
4227 4227 4227 4227 4232 4232 4232 4232 4237 4237 4237 4237 4242 4242 4242 4242 4247 4247 4247 4247 4252 4252 4252 4252 4257 4257 4257 4257 4262 4262 4262 4262 5270 5269 5270 5270 5275 5274 5275 5275 5280 5279 5280 5280 5285 5284 5285 5285 5290 5289 5290 5290 7296 7296 7295 7296 7301 7301 7300 7301 0 0 0 0 0
4228 4228 4228 4228 4233 4233 4233 4233 4238 4238 4238 4238 4243 4243 4243 4243 4248 4248 4248 4248 4253 4253 4253 4253 4258 4258 4258 4258 4263 4263 4263 4263 5270 5269 5269 5269 5275 5274 5274 5274 5280 5279 5279 5279 5285 5284 5284 5284 5290 5289 5289 5289 7296 7295 7295 7295 7301 7300 7300 7300 0 0 0 0 0
7305 7305 7305 7306 7310 7310 7310 7311 7315 7315 7315 7316 7320 7320 7320 7321 7325 7325 7325 7326 7330 7330 7330 7331 7335 7335 7335 7336 7340 7340 7340 7341 7345 7345 7345 7346 7350 7350 7350 7351 7355 7355 7355 7356 7360 7360 7360 7361 7365 7365 7365 7366 7370 7370 7370 7371 7375 7375 7375 7376 0 0 0 0 0
7306 7305 7306 7306 7311 7310 7311 7311 7316 7315 7316 7316 7321 7320 7321 7321 7326 7325 7326 7326 7331 7330 7331 7331 7336 7335 7336 7336 7341 7340 7341 7341 7346 7345 7346 7346 7351 7350 7351 7351 7356 7355 7356 7356 7361 7360 7361 7361 7366 7365 7366 7366 7371 7370 7371 7371 7376 7375 7376 7376 0 0 0 0 0
7306 7306 7305 7306 7311 7311 7310 7311 7316 7316 7315 7316 7321 7321 7320 7321 7326 7326 7325 7326 7331 7331 7330 7331 7336 7336 7335 7336 7341 7341 7340 7341 7346 7346 7345 7346 7351 7351 7350 7351 7356 7356 7355 7356 7361 7361 7360 7361 7366 7366 7365 7366 7371 7371 7370 7371 7376 7376 7375 7376 0 0 0 0 0
7306 7305 7305 7305 7311 7310 7310 7310 7316 7315 7315 7315 7321 7320 7320 7320 7326 7325 7325 7325 7331 7330 7330 7330 7336 7335 7335 7335 7341 7340 7340 7340 7346 7345 7345 7345 7351 7350 7350 7350 7356 7355 7355 7355 7361 7360 7360 7360 7366 7365 7365 7365 7371 7370 7370 7370 7376 7375 7375 7375 0 0 0 0 0
7380 7380 7380 7381 7385 7385 7385 7386 7390 7390 7390 7391 7395 7395 7395 7396 7400 7400 7400 7401 7405 7405 7405 7406 7410 7410 7410 7411 7415 7415 7415 7416 7420 7420 7420 7421 7425 7425 7425 7426 7430 7430 7430 7431 7435 7435 7435 7436 7440 7440 7440 7441 7445 7445 7445 7446 7450 7450 7450 7451 0 0 0 0 0
7381 7380 7381 7381 7386 7385 7386 7386 7391 7390 7391 7391 7396 7395 7396 7396 7401 7400 7401 7401 7406 7405 7406 7406 7411 7410 7411 7411 7416 7415 7416 7416 7421 7420 7421 7421 7426 7425 7426 7426 7431 7430 7431 7431 7436 7435 7436 7436 7441 7440 7441 7441 7446 7445 7446 7446 7451 7450 7451 7451 0 0 0 0 0
7381 7381 7380 7381 7386 7386 7385 7386 7391 7391 7390 7391 7396 7396 7395 7396 7401 7401 7400 7401 7406 7406 7405 7406 7411 7411 7410 7411 7416 7416 7415 7416 7421 7421 7420 7421 7426 7426 7425 7426 7431 7431 7430 7431 7436 7436 7435 7436 7441 7441 7440 7441 7446 7446 7445 7446 7451 7451 7450 7451 0 0 0 0 0
7381 7380 7380 7380 7386 7385 7385 7385 7391 7390 7390 7390 7396 7395 7395 7395 7401 7400 7400 7400 7406 7405 7405 7405 7411 7410 7410 7410 7416 7415 7415 7415 7421 7420 7420 7420 7426 7425 7425 7425 7431 7430 7430 7430 7436 7435 7435 7435 7441 7440 7440 7440 7446 7445 7445 7445 7451 7450 7450 7450 0 0 0 0 0
7455 7455 7455 7456 7460 7460 7460 7461 7465 7465 7465 7466 7470 7470 7470 7471 7475 7475 7475 7476 7480 7480 7480 7481 7485 7485 7485 7486 7490 7490 7490 7491 7495 7495 7495 7496 7500 7500 7500 7501 7505 7505 7505 7506 7510 7510 7510 7511 7515 7515 7515 7516 7520 7520 7520 7521 7525 7525 7525 7526 0 0 0 0 0
7456 7455 7456 7456 7461 7460 7461 7461 7466 7465 7466 7466 7471 7470 7471 7471 7476 7475 7476 7476 7481 7480 7481 7481 7486 7485 7486 7486 7491 7490 7491 7491 7496 7495 7496 7496 7501 7500 7501 7501 7506 7505 7506 7506 7511 7510 7511 7511 7516 7515 7516 7516 7521 7520 7521 7521 7526 7525 7526 7526 0 0 0 0 0
7456 7456 7455 7456 7461 7461 7460 7461 7466 7466 7465 7466 7471 7471 7470 7471 7476 7476 7475 7476 7481 7481 7480 7481 7486 7486 7485 7486 7491 7491 7490 7491 7496 7496 7495 7496 7501 7501 7500 7501 7506 7506 7505 7506 7511 7511 7510 7511 7516 7516 7515 7516 7521 7521 7520 7521 7526 7526 7525 7526 0 0 0 0 0
7456 7455 7455 7455 7461 7460 7460 7460 7466 7465 7465 7465 7471 7470 7470 7470 7476 7475 7475 7475 7481 7480 7480 7480 7486 7485 7485 7485 7491 7490 7490 7490 7496 7495 7495 7495 7501 7500 7500 7500 7506 7505 7505 7505 7511 7510 7510 7510 7516 7515 7515 7515 7521 7520 7520 7520 7526 7525 7525 7525 0 0 0 0 0
7530 7530 7530 7531 7535 7535 7535 7536 7540 7540 7540 7541 7545 7545 7545 7546 7550 7550 7550 7551 7555 7555 7555 7556 7560 7560 7560 7561 7565 7565 7565 7566 7570 7570 7570 7571 7575 7575 7575 7576 7580 7580 7580 7581 7585 7585 7585 7586 7590 7590 7590 7591 7595 7595 7595 7596 7600 7600 7600 7601 0 0 0 0 0
7531 7530 7531 7531 7536 7535 7536 7536 7541 7540 7541 7541 7546 7545 7546 7546 7551 7550 7551 7551 7556 7555 7556 7556 7561 7560 7561 7561 7566 7565 7566 7566 7571 7570 7571 7571 7576 7575 7576 7576 7581 7580 7581 7581 7586 7585 7586 7586 7591 7590 7591 7591 7596 7595 7596 7596 7601 7600 7601 7601 0 0 0 0 0
7531 7531 7530 7531 7536 7536 7535 7536 7541 7541 7540 7541 7546 7546 7545 7546 7551 7551 7550 7551 7556 7556 7555 7556 7561 7561 7560 7561 7566 7566 7565 7566 7571 7571 7570 7571 7576 7576 7575 7576 7581 7581 7580 7581 7586 7586 7585 7586 7591 7591 7590 7591 7596 7596 7595 7596 7601 7601 7600 7601 729 0 0 0 0
7531 7530 7530 7530 7536 7535 7535 7535 7541 7540 7540 7540 7546 7545 7545 7545 7551 7550 7550 7550 7556 7555 7555 7555 7561 7560 7560 7560 7566 7565 7565 7565 7571 7570 7570 7570 7576 7575 7575 7575 7581 7580 7580 7580 7586 7585 7585 7585 7591 7590 7590 7590 7596 7595 7595 7595 7601 7600 7600 7600 729 0 0 0 0
7605 7605 7605 7606 7610 7610 7610 7611 7615 7615 7615 7616 8621 8621 8622 8622 8626 8626 8627 8627 8631 8631 8632 8632 8636 8636 8637 8637 8641 8641 8642 8642 646 646 646 646 651 651 651 651 656 656 656 656 661 661 661 661 666 666 666 666 671 671 671 671 724 724 724 729 729 0 0 0 0
7606 7605 7606 7606 7611 7610 7611 7611 7616 7615 7616 7616 8621 8621 8622 8622 8626 8626 8627 8627 8631 8631 8632 8632 8636 8636 8637 8637 8641 8641 8642 8642 677 677 682 682 687 687 692 692 697 697 702 702 707 707 713 713 713 718 734 739 739 744 744 744 749 749 724 770 0 0 0 0 0
7606 7606 7605 7606 7611 7611 7610 7611 7616 7616 7615 7616 8622 8622 8621 8621 8627 8627 8626 8626 8632 8632 8631 8631 8637 8637 8636 8636 8642 8642 8641 8641 677 677 682 682 687 687 692 692 697 697 702 702 707 707 713 718 718 718 734 739 754 754 754 744 749 765 770 770 0 0 0 0 0
7606 7605 7605 7605 7611 7610 7610 7610 7616 7615 7615 7615 8622 8622 8621 8621 8627 8627 8626 8626 8632 8632 8631 8631 8637 8637 8636 8636 8642 8642 8641 8641 775 775 775 780 0 811 811 806 806 801 801 796 796 791 791 786 786 734 734 739 956 0 754 760 749 765 765 770 991 0 0 0 0
0 891 891 886 886 881 881 876 876 871 871 866 866 861 861 856 856 851 851 846 846 841 841 836 836 831 831 826 826 821 821 816 816 775 780 780 896 896 811 811 806 806 801 801 796 796 791 791 786 786 961 956 956 966 760 760 760 765 986 991 991 0 0 0 0
1231 1231 891 891 886 886 881 881 876 876 871 871 866 866 861 861 856 856 851 851 846 846 841 841 836 836 831 831 826 826 821 821 816 816 901 780 906 896 896 916 0 1046 1046 1041 1041 1036 1036 0 0 961 961 956 966 966 976 0 996 986 986 991 1021 0 0 0 0
0 1231 1231 1236 1266 1266 1271 1271 1276 1276 1281 1281 1286 1286 1291 1291 1296 1296 1301 1301 1306 1306 1311 1311 1316 1316 1321 1321 1326 1326 1331 1331 0 901 901 906 906 911 916 916 0 1051 1046 1046 1041 1041 1036 1036 1031 961 971 971 966 976 976 996 996 986 1016 1021 1021 0 0 0 0
0 1371 1236 1236 1336 1266 1266 1271 1271 1276 1276 1281 1281 1286 1286 1291 1291 1296 1296 1301 1301 1306 1306 1311 1311 1316 1316 1321 1321 1326 1326 1331 1331 901 921 906 911 911 916 936 1051 1051 0 1106 1106 0 0 1031 1031 981 981 971 971 976 1001 996 1011 1016 1016 1021 1091 0 0 0 0
1371 1371 1236 1336 1336 1361 1426 1426 1431 1431 1436 1436 1441 1441 1446 1446 1451 1451 1456 1456 1461 1461 1466 1466 1471 1471 1476 1476 1481 1481 1486 1486 0 921 921 926 911 931 936 936 1051 1056 1111 1111 1106 1106 1101 1031 1026 1026 981 981 1006 1001 1001 1011 1011 1016 1086 1091 1091 0 0 0 0
1371 1366 1366 1336 1361 1361 1491 1426 1426 1431 1431 1436 1436 1441 1441 1446 1446 1451 1451 1456 1456 1461 1461 1466 1466 1471 1471 1476 1476 1481 1481 1486 1486 921 926 926 931 931 936 951 1056 1056 1116 1111 1111 1101 1101 1061 1061 1026 1026 1006 1006 1001 1066 1011 1081 1086 1086 1091 1176 0 0 0 0
1376 1376 1366 1366 1361 1491 1491 1501 1576 1576 1581 1581 1586 1586 1591 1591 1596 1596 1601 1601 1606 1606 1611 1611 1616 1616 1621 1621 1626 1626 1631 1631 0 0 926 941 931 946 951 951 1056 1116 1116 1121 1121 1101 1096 1096 1061 1061 1076 1006 1071 1066 1066 1081 1081 1086 1171 1176 1176 0 0 0 0
0 1376 1376 1496 1496 1491 1501 1501 1636 1576 1576 1581 1581 1586 1586 1591 1591 1596 1596 1601 1601 1606 1606 1611 1611 1616 1616 1621 1621 1626 1626 1631 1631 1671 941 941 946 946 951 1126 1126 1116 1131 1131 1121 1121 1136 1096 1096 1076 1076 1071 1071 1066 1151 1081 1166 1171 1171 1176 1226 0 0 0 0
1541 1541 1526 1526 1496 1496 1501 1636 1636 1646 1881 1881 1876 1876 1871 1871 1866 1866 1861 1861 1856 1856 1851 1851 1846 1846 1841 1841 0 0 0 1821 1671 1671 941 1181 946 1186 1191 1191 1126 1126 1196 1131 1131 1136 1136 1141 1141 1076 0 1071 1156 1151 1151 1166 1166 1171 1221 1226 1226 0 0 0 0
0 1541 1541 1526 1526 1641 1641 1636 1646 1646 1886 1881 1881 1876 1876 1871 1871 1866 1866 1861 1861 1856 1856 1851 1851 1846 1846 1841 1841 1836 1821 1821 1671 1676 1181 1181 1186 1186 1201 1191 1191 1196 1196 1206 1206 1136 1146 1146 1141 1141 1161 1156 1156 1151 1211 1166 1216 1221 1221 1226 1421 0 0 0 0
1701 1701 1696 1696 1691 1691 1641 1641 1646 1886 1886 0 0 0 0 0 0 0 0 0 0 0 0 0 0 0 0 0 1836 1836 1821 0 1676 1676 1181 1261 1186 1201 1201 1241 1241 1196 1246 1246 1206 1206 1251 1146 1146 1161 1161 1156 1256 1211 1211 1216 1216 1221 1416 1421 1421 0 0 0 0
0 1701 1701 1696 1696 1691 1691 1891 1891 1886 0 0 0 0 0 0 0 0 0 0 0 0 0 0 0 0 0 0 1836 1816 1816 0 1676 1681 1261 1261 1341 1201 1346 1346 1241 1241 1351 1246 1246 1251 1251 1356 1356 1161 0 1256 1256 1211 1396 1216 1411 1416 1416 1421 1566 0 0 0 0
0 0 0 0 0 0 0 0 1891 1891 0 0 0 0 0 0 0 0 0 0 0 0 0 0 0 0 0 0 0 1811 1816 1816 1681 1681 1261 1341 1341 1381 1381 1346 1346 1351 1351 1386 1386 1251 1391 1391 1356 1356 1406 1256 1401 1396 1396 1411 1411 1416 1561 1566 1566 0 0 0 0
0 0 0 0 0 0 0 0 0 0 0 0 0 0 0 0 0 0 0 0 0 0 0 0 0 0 0 0 1811 1811 1796 1796 1681 0 1721 1341 1506 1506 1381 1381 1511 1351 1516 1516 1386 1386 1521 1391 1391 1406 1406 1401 1401 1396 1546 1411 1556 1561 1561 1566 1746 0 0 0 0
0 0 0 0 0 0 0 0 0 0 0 0 0 0 0 0 0 0 0 0 0 0 0 0 0 0 0 0 1811 1801 1801 1796 1796 1721 1721 1571 1571 1506 1506 1511 1511 1531 1531 1516 1516 1521 1521 1536 1536 1406 0 1401 1551 1546 1546 1556 1556 1561 1741 1746 1746 0 0 0 0
0 0 0 0 0 0 0 0 0 0 0 0 0 0 0 0 0 0 0 0 0 0 0 0 0 0 0 0 1806 1806 1801 1801 1791 1721 1716 1716 1571 1571 1706 1511 1651 1651 1531 1531 1656 1521 1661 1661 1536 1536 1666 1551 1551 1546 1726 1556 1736 1741 1741 1746 0 0 0 0 0
0 0 0 0 0 0 0 0 0 0 0 0 0 0 0 0 0 0 0 0 0 0 0 0 0 0 0 0 0 1806 1806 1791 1791 1776 1776 1716 1716 1706 1706 1711 1711 1651 1651 1656 1656 1686 1686 1661 1661 1666 1666 1551 1731 1726 1726 1736 1736 1741 0 0 0 0 0 0 0
0 0 0 0 0 0 0 0 0 0 0 0 0 0 0 0 0 0 0 0 0 0 0 0 0 0 0 0 0 0 0 1791 1786 1786 1776 1776 1781 1706 1751 1751 1711 1711 1756 1656 1761 1761 1686 1686 1766 1666 1771 1731 1731 1726 0 1736 0 0 0 0 0 0 0 0 0
0 0 0 0 0 0 0 0 0 0 0 0 0 0 0 0 0 0 0 0 0 0 0 0 0 0 0 0 0 0 0 0 0 1786 1786 1781 1781 1826 1826 1751 1751 1756 1756 1831 1831 1761 1761 1766 1766 1771 1771 1731 0 0 0 0 0 0 0 0 0 0 0 0 0
0 0 0 0 0 0 0 0 0 0 0 0 0 0 0 0 0 0 0 0 0 0 0 0 0 0 0 0 0 0 0 0 0 0 0 1781 0 0 1826 1826 0 1756 0 0 1831 1831 0 1766 0 1771 0 0 0 0 0 0 0 0 0 0 0 0 0 0 0
0 0 0 0 0 0 0 0 0 0 0 0 0 0 0 0 0 0 0 0 0 0 0 0 0 0 0 0 0 0 0 0 0 0 0 0 0 0 0 0 0 0 0 0 0 0 0 0 0 0 0 0 0 0 0 0 0 0 0 0 0 0 0 0 0
0 0 0 0 0 0 0 0 0 0 0 0 0 0 0 0 0 0 0 0 0 0 0 0 0 0 0 0 0 0 0 0 0 0 0 0 0 0 0 0 0 0 0 0 0 0 0 0 0 0 0 0 0 0 0 0 0 0 0 0 0 0 0 0 0
0 0 0 0 0 0 0 0 0 0 0 0 0 0 0 0 0 0 0 0 0 0 0 0 0 0 0 0 0 0 0 0 0 0 0 0 0 0 0 0 0 0 0 0 0 0 0 0 0 0 0 0 0 0 0 0 0 0 0 0 0 0 0 0 0
0 0 0 0 0 0 0 0 0 0 0 0 0 0 0 0 0 0 0 0 0 0 0 0 0 0 0 0 0 0 0 0 0 0 0 0 0 0 0 0 0 0 0 0 0 0 0 0 0 0 0 0 0 0 0 0 0 0 0 0 0 0 0 0 0
0 0 0 0 0 0 0 0 0 0 0 0 0 0 0 0 0 0 0 0 0 0 0 0 0 0 0 0 0 0 0 0 0 0 0 0 0 0 0 0 0 0 0 0 0 0 0 0 0 0 0 0 0 0 0 0 0 0 0 0 0 0 0 0 0
0 0 0 0 0 0 0 0 0 0 0 0 0 0 0 0 0 0 0 0 0 0 0 0 0 0 0 0 0 0 0 0 0 0 0 0 0 0 0 0 0 0 0 0 0 0 0 0 0 0 0 0 0 0 0 0 0 0 0 0 0 0 0 0 0
0 0 0 0 0 0 0 0 0 0 0 0 0 0 0 0 0 0 0 0 0 0 0 0 0 0 0 0 0 0 0 0 0 0 0 0 0 0 0 0 0 0 0 0 0 0 0 0 0 0 0 0 0 0 0 0 0 0 0 0 0 0 0 0 0
0 0 0 0 0 0 0 0 0 0 0 0 0 0 0 0 0 0 0 0 0 0 0 0 0 0 0 0 0 0 0 0 0 0 0 0 0 0 0 0 0 0 0 0 0 0 0 0 0 0 0 0 0 0 0 0 0 0 0 0 0 0 0 0 0
0 0 0 0 0 0 0 0 0 0 0 0 0 0 0 0 0 0 0 0 0 0 0 0 0 0 0 0 0 0 0 0 0 0 0 0 0 0 0 0 0 0 0 0 0 0 0 0 0 0 0 0 0 0 0 0 0 0 0 0 0 0 0 0 0
