800904
Zlaganje

8
66 66
6004 6003 6003 6003 6009 6008 6008 6008 6024 6023 6023 6023 6034 6033 6033 6033 6044 6043 6043 6043 6054 6053 6053 6053 6064 6063 6063 6063 6074 6073 6073 6073 6084 6083 6083 6083 6094 6093 6093 6093 6104 6103 6103 6103 6114 6113 6113 6113 6124 6123 6123 6123 6134 6133 6133 6133 6144 6143 6143 6143 6154 6153 6153 6153 0 0
6004 6003 6004 6004 6009 6008 6009 6009 6024 6023 6024 6024 6034 6033 6034 6034 6044 6043 6044 6044 6054 6053 6054 6054 6064 6063 6064 6064 6074 6073 6074 6074 6084 6083 6084 6084 6094 6093 6094 6094 6104 6103 6104 6104 6114 6113 6114 6114 6124 6123 6124 6124 6134 6133 6134 6134 6144 6143 6144 6144 6154 6153 6154 6154 0 0
6004 6004 6003 6004 6009 6009 6008 6009 6024 6024 6023 6024 6034 6034 6033 6034 6044 6044 6043 6044 6054 6054 6053 6054 6064 6064 6063 6064 6074 6074 6073 6074 6084 6084 6083 6084 6094 6094 6093 6094 6104 6104 6103 6104 6114 6114 6113 6114 6124 6124 6123 6124 6134 6134 6133 6134 6144 6144 6143 6144 6154 6154 6153 6154 0 0
6003 6003 6003 6004 6008 6008 6008 6009 6023 6023 6023 6024 6033 6033 6033 6034 6043 6043 6043 6044 6053 6053 6053 6054 6063 6063 6063 6064 6073 6073 6073 6074 6083 6083 6083 6084 6093 6093 6093 6094 6103 6103 6103 6104 6113 6113 6113 6114 6123 6123 6123 6124 6133 6133 6133 6134 6143 6143 6143 6144 6153 6153 6153 6154 0 0
6014 6013 6013 6013 6019 6018 6018 6018 6029 6028 6028 6028 6039 6038 6038 6038 6049 6048 6048 6048 6059 6058 6058 6058 6069 6068 6068 6068 6079 6078 6078 6078 6089 6088 6088 6088 6099 6098 6098 6098 6109 6108 6108 6108 6119 6118 6118 6118 6129 6128 6128 6128 6139 6138 6138 6138 6149 6148 6148 6148 6159 6158 6158 6158 0 0
6014 6013 6014 6014 6019 6018 6019 6019 6029 6028 6029 6029 6039 6038 6039 6039 6049 6048 6049 6049 6059 6058 6059 6059 6069 6068 6069 6069 6079 6078 6079 6079 6089 6088 6089 6089 6099 6098 6099 6099 6109 6108 6109 6109 6119 6118 6119 6119 6129 6128 6129 6129 6139 6138 6139 6139 6149 6148 6149 6149 6159 6158 6159 6159 0 0
6014 6014 6013 6014 6019 6019 6018 6019 6029 6029 6028 6029 6039 6039 6038 6039 6049 6049 6048 6049 6059 6059 6058 6059 6069 6069 6068 6069 6079 6079 6078 6079 6089 6089 6088 6089 6099 6099 6098 6099 6109 6109 6108 6109 6119 6119 6118 6119 6129 6129 6128 6129 6139 6139 6138 6139 6149 6149 6148 6149 6159 6159 6158 6159 0 0
6013 6013 6013 6014 6018 6018 6018 6019 6028 6028 6028 6029 6038 6038 6038 6039 6048 6048 6048 6049 6058 6058 6058 6059 6068 6068 6068 6069 6078 6078 6078 6079 6088 6088 6088 6089 6098 6098 6098 6099 6108 6108 6108 6109 6118 6118 6118 6119 6128 6128 6128 6129 6138 6138 6138 6139 6148 6148 6148 6149 6158 6158 6158 6159 0 0
6164 6163 6163 6163 6169 6168 6168 6168 6174 6173 6173 6173 6179 6178 6178 6178 6184 6183 6183 6183 6189 6188 6188 6188 6194 6193 6193 6193 6199 6198 6198 6198 6204 6203 6203 6203 6209 6208 6208 6208 6214 6213 6213 6213 6219 6218 6218 6218 6224 6223 6223 6223 6229 6228 6228 6228 6234 6233 6233 6233 6239 6238 6238 6238 0 0
6164 6163 6164 6164 6169 6168 6169 6169 6174 6173 6174 6174 6179 6178 6179 6179 6184 6183 6184 6184 6189 6188 6189 6189 6194 6193 6194 6194 6199 6198 6199 6199 6204 6203 6204 6204 6209 6208 6209 6209 6214 6213 6214 6214 6219 6218 6219 6219 6224 6223 6224 6224 6229 6228 6229 6229 6234 6233 6234 6234 6239 6238 6239 6239 0 0
6164 6164 6163 6164 6169 6169 6168 6169 6174 6174 6173 6174 6179 6179 6178 6179 6184 6184 6183 6184 6189 6189 6188 6189 6194 6194 6193 6194 6199 6199 6198 6199 6204 6204 6203 6204 6209 6209 6208 6209 6214 6214 6213 6214 6219 6219 6218 6219 6224 6224 6223 6224 6229 6229 6228 6229 6234 6234 6233 6234 6239 6239 6238 6239 0 0
6163 6163 6163 6164 6168 6168 6168 6169 6173 6173 6173 6174 6178 6178 6178 6179 6183 6183 6183 6184 6188 6188 6188 6189 6193 6193 6193 6194 6198 6198 6198 6199 6203 6203 6203 6204 6208 6208 6208 6209 6213 6213 6213 6214 6218 6218 6218 6219 6223 6223 6223 6224 6228 6228 6228 6229 6233 6233 6233 6234 6238 6238 6238 6239 0 0
6244 6243 6243 6243 6249 6248 6248 6248 6254 6253 6253 6253 6259 6258 6258 6258 6264 6263 6263 6263 6269 6268 6268 6268 6274 6273 6273 6273 6279 6278 6278 6278 6284 6283 6283 6283 6289 6288 6288 6288 6294 6293 6293 6293 6299 6298 6298 6298 7305 7305 7305 7306 7310 7310 7310 7311 7315 7315 7315 7316 7320 7320 7320 7321 0 0
6244 6243 6244 6244 6249 6248 6249 6249 6254 6253 6254 6254 6259 6258 6259 6259 6264 6263 6264 6264 6269 6268 6269 6269 6274 6273 6274 6274 6279 6278 6279 6279 6284 6283 6284 6284 6289 6288 6289 6289 6294 6293 6294 6294 6299 6298 6299 6299 7306 7305 7306 7306 7311 7310 7311 7311 7316 7315 7316 7316 7321 7320 7321 7321 0 0
6244 6244 6243 6244 6249 6249 6248 6249 6254 6254 6253 6254 6259 6259 6258 6259 6264 6264 6263 6264 6269 6269 6268 6269 6274 6274 6273 6274 6279 6279 6278 6279 6284 6284 6283 6284 6289 6289 6288 6289 6294 6294 6293 6294 6299 6299 6298 6299 7306 7306 7305 7306 7311 7311 7310 7311 7316 7316 7315 7316 7321 7321 7320 7321 0 0
6243 6243 6243 6244 6248 6248 6248 6249 6253 6253 6253 6254 6258 6258 6258 6259 6263 6263 6263 6264 6268 6268 6268 6269 6273 6273 6273 6274 6278 6278 6278 6279 6283 6283 6283 6284 6288 6288 6288 6289 6293 6293 6293 6294 6298 6298 6298 6299 7306 7305 7305 7305 7311 7310 7310 7310 7316 7315 7315 7315 7321 7320 7320 7320 0 0
7325 7325 7325 7326 7330 7330 7330 7331 7335 7335 7335 7336 7340 7340 7340 7341 7345 7345 7345 7346 7350 7350 7350 7351 7355 7355 7355 7356 7360 7360 7360 7361 7365 7365 7365 7366 7370 7370 7370 7371 7375 7375 7375 7376 7380 7380 7380 7381 7385 7385 7385 7386 7390 7390 7390 7391 7395 7395 7395 7396 7400 7400 7400 7401 0 0
7326 7325 7326 7326 7331 7330 7331 7331 7336 7335 7336 7336 7341 7340 7341 7341 7346 7345 7346 7346 7351 7350 7351 7351 7356 7355 7356 7356 7361 7360 7361 7361 7366 7365 7366 7366 7371 7370 7371 7371 7376 7375 7376 7376 7381 7380 7381 7381 7386 7385 7386 7386 7391 7390 7391 7391 7396 7395 7396 7396 7401 7400 7401 7401 0 0
7326 7326 7325 7326 7331 7331 7330 7331 7336 7336 7335 7336 7341 7341 7340 7341 7346 7346 7345 7346 7351 7351 7350 7351 7356 7356 7355 7356 7361 7361 7360 7361 7366 7366 7365 7366 7371 7371 7370 7371 7376 7376 7375 7376 7381 7381 7380 7381 7386 7386 7385 7386 7391 7391 7390 7391 7396 7396 7395 7396 7401 7401 7400 7401 0 0
7326 7325 7325 7325 7331 7330 7330 7330 7336 7335 7335 7335 7341 7340 7340 7340 7346 7345 7345 7345 7351 7350 7350 7350 7356 7355 7355 7355 7361 7360 7360 7360 7366 7365 7365 7365 7371 7370 7370 7370 7376 7375 7375 7375 7381 7380 7380 7380 7386 7385 7385 7385 7391 7390 7390 7390 7396 7395 7395 7395 7401 7400 7400 7400 0 0
7405 7405 7405 7406 7410 7410 7410 7411 7415 7415 7415 7416 7420 7420 7420 7421 7425 7425 7425 7426 7430 7430 7430 7431 7435 7435 7435 7436 7440 7440 7440 7441 7445 7445 7445 7446 7450 7450 7450 7451 7455 7455 7455 7456 7460 7460 7460 7461 7465 7465 7465 7466 7470 7470 7470 7471 7475 7475 7475 7476 7480 7480 7480 7481 0 0
7406 7405 7406 7406 7411 7410 7411 7411 7416 7415 7416 7416 7421 7420 7421 7421 7426 7425 7426 7426 7431 7430 7431 7431 7436 7435 7436 7436 7441 7440 7441 7441 7446 7445 7446 7446 7451 7450 7451 7451 7456 7455 7456 7456 7461 7460 7461 7461 7466 7465 7466 7466 7471 7470 7471 7471 7476 7475 7476 7476 7481 7480 7481 7481 0 0
7406 7406 7405 7406 7411 7411 7410 7411 7416 7416 7415 7416 7421 7421 7420 7421 7426 7426 7425 7426 7431 7431 7430 7431 7436 7436 7435 7436 7441 7441 7440 7441 7446 7446 7445 7446 7451 7451 7450 7451 7456 7456 7455 7456 7461 7461 7460 7461 7466 7466 7465 7466 7471 7471 7470 7471 7476 7476 7475 7476 7481 7481 7480 7481 0 0
7406 7405 7405 7405 7411 7410 7410 7410 7416 7415 7415 7415 7421 7420 7420 7420 7426 7425 7425 7425 7431 7430 7430 7430 7436 7435 7435 7435 7441 7440 7440 7440 7446 7445 7445 7445 7451 7450 7450 7450 7456 7455 7455 7455 7461 7460 7460 7460 7466 7465 7465 7465 7471 7470 7470 7470 7476 7475 7475 7475 7481 7480 7480 7480 0 0
7485 7485 7485 7486 7490 7490 7490 7491 7495 7495 7495 7496 7500 7500 7500 7501 7505 7505 7505 7506 7510 7510 7510 7511 7515 7515 7515 7516 7520 7520 7520 7521 7525 7525 7525 7526 7530 7530 7530 7531 7535 7535 7535 7536 7540 7540 7540 7541 7545 7545 7545 7546 7550 7550 7550 7551 7555 7555 7555 7556 7560 7560 7560 7561 0 0
7486 7485 7486 7486 7491 7490 7491 7491 7496 7495 7496 7496 7501 7500 7501 7501 7506 7505 7506 7506 7511 7510 7511 7511 7516 7515 7516 7516 7521 7520 7521 7521 7526 7525 7526 7526 7531 7530 7531 7531 7536 7535 7536 7536 7541 7540 7541 7541 7546 7545 7546 7546 7551 7550 7551 7551 7556 7555 7556 7556 7561 7560 7561 7561 0 0
7486 7486 7485 7486 7491 7491 7490 7491 7496 7496 7495 7496 7501 7501 7500 7501 7506 7506 7505 7506 7511 7511 7510 7511 7516 7516 7515 7516 7521 7521 7520 7521 7526 7526 7525 7526 7531 7531 7530 7531 7536 7536 7535 7536 7541 7541 7540 7541 7546 7546 7545 7546 7551 7551 7550 7551 7556 7556 7555 7556 7561 7561 7560 7561 0 0
7486 7485 7485 7485 7491 7490 7490 7490 7496 7495 7495 7495 7501 7500 7500 7500 7506 7505 7505 7505 7511 7510 7510 7510 7516 7515 7515 7515 7521 7520 7520 7520 7526 7525 7525 7525 7531 7530 7530 7530 7536 7535 7535 7535 7541 7540 7540 7540 7546 7545 7545 7545 7551 7550 7550 7550 7556 7555 7555 7555 7561 7560 7560 7560 0 0
7565 7565 7565 7566 7570 7570 7570 7571 7575 7575 7575 7576 7580 7580 7580 7581 7585 7585 7585 7586 7590 7590 7590 7591 7595 7595 7595 7596 7600 7600 7600 7601 606 606 606 606 611 611 611 611 616 616 616 616 655 660 660 660 665 675 680 680 680 685 0 761 771 771 776 776 781 781 0 0 0 0
7566 7565 7566 7566 7571 7570 7571 7571 7576 7575 7576 7576 7581 7580 7581 7581 7586 7585 7586 7586 7591 7590 7591 7591 7596 7595 7596 7596 7601 7600 7601 7601 623 623 623 628 633 633 633 638 643 643 643 648 655 655 660 665 665 675 675 680 685 685 761 761 766 771 771 776 776 781 781 0 0 0
7566 7566 7565 7566 7571 7571 7570 7571 7576 7576 7575 7576 7581 7581 7580 7581 7586 7586 7585 7586 7591 7591 7590 7591 7596 7596 7595 7596 7601 7601 7600 7601 623 628 628 628 633 638 638 638 643 648 648 648 655 670 670 670 665 675 696 691 691 685 761 766 766 786 811 811 816 816 0 0 0 0
7566 7565 7565 7565 7571 7570 7570 7570 7576 7575 7575 7575 7581 7580 7580 7580 7586 7585 7585 7585 7591 7590 7590 7590 7596 7595 7595 7595 7601 7600 7600 7600 736 736 731 731 726 726 721 721 716 716 711 711 706 706 670 0 741 696 696 701 691 691 756 766 786 786 806 811 811 816 816 0 0 0
0 896 896 891 891 886 886 881 881 876 876 871 871 866 866 861 861 856 856 851 851 846 846 841 841 836 836 831 831 826 826 821 821 736 736 731 731 726 726 721 721 716 716 711 711 706 706 741 741 696 701 701 751 756 756 791 786 806 806 901 0 1031 0 0 0 0
1351 1351 896 896 891 891 886 886 881 881 876 876 871 871 866 866 861 861 856 856 851 851 846 846 841 841 836 836 831 831 826 826 821 821 941 936 936 931 931 926 926 921 921 916 916 911 911 741 746 746 701 751 751 756 791 791 801 806 901 901 1031 1031 0 0 0 0
0 1351 1351 1356 1446 1446 1451 1451 1456 1456 1461 1461 1466 1466 1471 1471 1476 1476 1481 1481 1486 1486 1491 1491 0 0 1341 0 1216 0 1146 0 986 941 941 946 936 936 931 931 926 926 921 921 916 916 911 911 951 746 746 751 796 796 791 801 801 906 901 956 1031 1036 0 0 0 0
0 1541 1356 1356 1496 1446 1446 1451 1451 1456 1456 1461 1461 1466 1466 1471 1471 1476 1476 1481 1481 1486 1486 1491 1491 1341 1341 1216 1216 1146 1146 986 986 941 946 946 961 1106 1106 1101 1101 1096 1096 1091 1091 0 0 951 951 966 0 971 971 796 796 801 906 906 956 956 1036 1036 0 0 0 0
1541 1541 1356 1496 1496 1531 0 0 0 0 0 0 0 0 0 0 2151 0 1991 0 1841 0 1726 0 1576 1341 1336 1216 1211 1146 1141 986 981 981 946 961 961 1111 1106 1106 1101 1101 1096 1096 1091 1091 1086 951 966 966 991 991 971 971 976 976 906 0 956 1041 1036 1046 0 0 0 0
1541 1536 1536 1496 1531 1531 0 0 0 0 0 0 0 0 0 2151 2151 1991 1991 1841 1841 1726 1726 1576 1576 1336 1336 1211 1211 1141 1141 1011 1011 981 981 961 1111 1111 1121 1276 1276 1271 1271 0 0 1086 1086 1081 966 996 996 991 991 1001 1001 976 976 0 1041 1041 1046 1046 0 0 0 0
1546 1546 1536 1536 1531 0 0 0 0 0 0 0 0 0 0 2151 2146 1991 1986 1841 1836 1726 1721 1576 1571 1336 1331 1211 1206 1141 1136 1136 1011 1011 1116 1116 1111 1121 1121 0 1276 1276 1271 1271 1266 1086 1081 1081 1016 1016 996 996 1006 1006 1001 1001 1026 0 1041 1051 1046 1061 0 0 0 0
0 1546 1546 0 0 0 0 0 0 0 0 0 0 0 0 2146 2146 1986 1986 1836 1836 1721 1721 1571 1571 1331 1331 1206 1206 1151 1151 1136 1136 1131 1131 1116 1116 1121 1166 1411 1411 0 0 1266 1266 1261 1081 1076 1076 1016 1016 1021 1021 1006 1006 1026 1026 1056 1051 1051 1061 1061 0 0 0 0
0 0 0 0 0 0 0 0 0 0 0 0 0 0 0 2146 2141 1986 1981 1836 1831 1721 1716 1571 1566 1331 1326 1206 1201 1201 1151 1151 1156 1156 1131 1131 1161 1166 1166 0 1411 1411 1406 1266 1261 1261 1171 1171 1076 1076 1066 1066 1021 1021 1071 1026 1056 1056 1051 1181 1061 1191 0 0 0 0
0 0 0 0 0 0 0 0 0 0 0 0 0 0 0 2141 2141 1981 1981 1831 1831 1716 1716 1566 1566 1326 1326 1221 1221 1201 1201 1196 1196 1156 1156 1161 1161 1166 1241 0 1416 1406 1406 1401 1261 1256 1256 1171 1171 1176 1176 1066 1066 1071 1071 1126 1056 1186 1181 1181 1191 1191 0 0 0 0
0 0 0 0 0 0 0 0 0 0 0 0 0 0 0 2141 2136 1981 1976 1831 1826 1716 1711 1566 1561 1326 1321 1321 1221 1221 1226 1226 1196 1196 1231 1161 1236 1241 1241 1416 1416 1406 1401 1401 1291 1291 1256 1256 1246 1246 1176 1176 1251 1071 1126 1126 1186 1186 1181 1301 1191 1311 0 0 0 0
0 0 0 0 0 0 0 0 0 0 0 0 0 0 0 2136 2136 1976 1976 1826 1826 1711 1711 1561 1561 1346 1346 1321 1321 1316 1316 1226 1226 1231 1231 1236 1236 1241 1381 1416 1421 1421 1401 1396 1396 1291 1291 1296 1296 1246 1246 1251 1251 1281 1126 1286 1186 1306 1301 1301 1311 1311 0 0 0 0
0 0 0 0 0 0 0 0 0 0 0 0 0 0 0 2136 2131 1976 1971 1826 1821 1711 1706 1561 1556 1556 1346 1346 1361 1361 1316 1316 1366 1231 1371 1236 1376 1381 1381 1426 1426 1421 1421 1431 1396 1396 1386 1386 1296 1296 1391 1251 1281 1281 1286 1286 1306 1306 1301 1436 1311 1441 0 0 0 0
0 0 0 0 0 0 0 0 0 0 0 0 0 0 0 2131 2131 1971 1971 1821 1821 1706 1706 1581 1581 1556 1556 1551 1551 1361 1361 1366 1366 1371 1371 1376 1376 1381 1501 1501 1426 1426 1431 1431 1606 0 1611 1386 1386 1391 1391 1506 1281 1511 1286 1516 1306 1521 1436 1436 1441 1441 0 0 0 0
0 0 0 0 0 0 0 0 0 0 0 0 0 0 0 2131 2126 1971 1966 1821 1816 1706 1701 1701 1581 1581 1586 1586 1551 1551 1591 1366 1596 1371 1601 1376 1621 1626 1626 1501 1501 1631 1431 1606 1606 1611 1611 1526 1526 1391 1506 1506 1511 1511 1516 1516 1521 1521 1436 1651 1441 1691 0 0 0 0
0 0 0 0 0 0 0 0 0 0 0 0 0 0 0 2126 2126 1966 1966 1816 1816 1741 1741 1701 1701 1696 1696 1586 1586 1591 1591 1596 1596 1601 1601 1621 1621 1636 1626 1626 1631 1631 1641 1606 1646 1611 1616 1616 1526 1526 1506 1676 1511 1671 1516 1666 1521 1661 1651 1651 1691 1691 0 0 0 0
0 0 0 0 0 0 0 0 0 0 0 0 0 0 0 2126 2121 1966 1961 1816 1811 1811 1741 1741 1746 1746 1696 1696 1751 1591 1756 1596 1761 1601 1766 1621 1636 1636 1656 1656 1631 1641 1641 1646 1646 1681 1681 1616 1616 1686 1676 1676 1671 1671 1666 1666 1661 1661 1651 1776 1691 1801 0 0 0 0
0 0 0 0 0 0 0 0 0 0 0 0 0 0 0 2121 2121 1961 1961 1876 1876 1811 1811 1806 1806 1746 1746 1751 1751 1756 1756 1761 1761 1766 1766 1771 1636 1731 1731 1656 1656 1641 1866 1646 1736 1736 1681 1681 1686 1686 1676 1796 1671 1791 1666 1786 1661 1781 1776 1776 1801 1801 0 0 0 0
0 0 0 0 0 0 0 0 0 0 0 0 0 0 0 2121 2116 1961 1956 1956 1876 1876 1881 1881 1806 1806 1886 1751 1891 1756 1896 1761 1901 1766 1771 1771 1846 1846 1731 1731 1871 1866 1866 1861 1861 1736 1736 1856 1686 1851 1796 1796 1791 1791 1786 1786 1781 1781 1776 1921 1801 1946 0 0 0 0
0 0 0 0 0 0 0 0 0 0 0 0 0 0 0 2116 2116 2031 2031 1956 1956 1951 1951 1881 1881 1886 1886 1891 1891 1896 1896 1901 1901 1906 1771 1911 1911 1846 1846 1871 1871 1866 1916 1916 1861 1861 1856 1856 1851 1851 1796 1941 1791 1936 1786 1931 1781 1926 1921 1921 1946 1946 0 0 0 0
0 0 0 0 0 0 0 0 0 0 0 0 0 0 0 2116 2111 2111 2031 2031 2036 2036 1951 1951 2041 1886 2046 1891 2051 1896 2056 1901 1906 1906 1996 1996 1911 1911 2001 1871 2026 2021 2021 1916 1916 2016 1856 2011 1851 2006 1941 1941 1936 1936 1931 1931 1926 1926 1921 2076 1946 2101 0 0 0 0
0 0 0 0 0 0 0 0 0 0 0 0 0 0 0 0 0 2111 2111 2106 2106 2036 2036 2041 2041 2046 2046 2051 2051 2056 2056 2061 1906 2066 2066 1996 1996 2001 2001 2026 2026 2071 2021 2021 2016 2016 2011 2011 2006 2006 1941 2096 1936 2091 1931 2086 1926 2081 2076 2076 2101 2101 0 0 0 0
0 0 0 0 0 0 0 0 0 0 0 0 0 0 0 0 0 0 0 0 2106 2106 0 2041 0 2046 0 2051 0 2056 2061 2061 2156 2156 2066 2066 2161 2001 2166 2026 2071 2071 2171 2171 2016 0 2011 2181 2006 2176 2096 2096 2091 2091 2086 2086 2081 2081 2076 0 2101 0 0 0 0 0
0 0 0 0 0 0 0 0 0 0 0 0 0 0 0 0 0 0 0 0 0 0 0 0 0 0 0 0 0 0 2061 0 0 2156 2156 2161 2161 2166 2166 0 2071 0 0 2171 2171 0 2181 2181 2176 2176 2096 0 2091 0 2086 0 2081 0 0 0 0 0 0 0 0 0
0 0 0 0 0 0 0 0 0 0 0 0 0 0 0 0 0 0 0 0 0 0 0 0 0 0 0 0 0 0 0 0 0 0 0 2161 0 2166 0 0 0 0 0 0 0 0 2181 0 2176 0 0 0 0 0 0 0 0 0 0 0 0 0 0 0 0 0
0 0 0 0 0 0 0 0 0 0 0 0 0 0 0 0 0 0 0 0 0 0 0 0 0 0 0 0 0 0 0 0 0 0 0 0 0 0 0 0 0 0 0 0 0 0 0 0 0 0 0 0 0 0 0 0 0 0 0 0 0 0 0 0 0 0
0 0 0 0 0 0 0 0 0 0 0 0 0 0 0 0 0 0 0 0 0 0 0 0 0 0 0 0 0 0 0 0 0 0 0 0 0 0 0 0 0 0 0 0 0 0 0 0 0 0 0 0 0 0 0 0 0 0 0 0 0 0 0 0 0 0
0 0 0 0 0 0 0 0 0 0 0 0 0 0 0 0 0 0 0 0 0 0 0 0 0 0 0 0 0 0 0 0 0 0 0 0 0 0 0 0 0 0 0 0 0 0 0 0 0 0 0 0 0 0 0 0 0 0 0 0 0 0 0 0 0 0
0 0 0 0 0 0 0 0 0 0 0 0 0 0 0 0 0 0 0 0 0 0 0 0 0 0 0 0 0 0 0 0 0 0 0 0 0 0 0 0 0 0 0 0 0 0 0 0 0 0 0 0 0 0 0 0 0 0 0 0 0 0 0 0 0 0
0 0 0 0 0 0 0 0 0 0 0 0 0 0 0 0 0 0 0 0 0 0 0 0 0 0 0 0 0 0 0 0 0 0 0 0 0 0 0 0 0 0 0 0 0 0 0 0 0 0 0 0 0 0 0 0 0 0 0 0 0 0 0 0 0 0
0 0 0 0 0 0 0 0 0 0 0 0 0 0 0 0 0 0 0 0 0 0 0 0 0 0 0 0 0 0 0 0 0 0 0 0 0 0 0 0 0 0 0 0 0 0 0 0 0 0 0 0 0 0 0 0 0 0 0 0 0 0 0 0 0 0
0 0 0 0 0 0 0 0 0 0 0 0 0 0 0 0 0 0 0 0 0 0 0 0 0 0 0 0 0 0 0 0 0 0 0 0 0 0 0 0 0 0 0 0 0 0 0 0 0 0 0 0 0 0 0 0 0 0 0 0 0 0 0 0 0 0
0 0 0 0 0 0 0 0 0 0 0 0 0 0 0 0 0 0 0 0 0 0 0 0 0 0 0 0 0 0 0 0 0 0 0 0 0 0 0 0 0 0 0 0 0 0 0 0 0 0 0 0 0 0 0 0 0 0 0 0 0 0 0 0 0 0
0 0 0 0 0 0 0 0 0 0 0 0 0 0 0 0 0 0 0 0 0 0 0 0 0 0 0 0 0 0 0 0 0 0 0 0 0 0 0 0 0 0 0 0 0 0 0 0 0 0 0 0 0 0 0 0 0 0 0 0 0 0 0 0 0 0
