800904
Zlaganje

80
60 60
4002 4002 4002 4002 4007 4007 4007 4007 6024 6023 6023 6023 7035 7035 7035 7036 7045 7045 7045 7046 7055 7055 7055 7056 7065 7065 7065 7066 7075 7075 7075 7076 7085 7085 7085 7086 7095 7095 7095 7096 7105 7105 7105 7106 7115 7115 7115 7116 7125 7125 7125 7126 7135 7135 7135 7136 0 0 0 0
4003 4003 4003 4003 4008 4008 4008 4008 6024 6023 6024 6024 7036 7035 7036 7036 7046 7045 7046 7046 7056 7055 7056 7056 7066 7065 7066 7066 7076 7075 7076 7076 7086 7085 7086 7086 7096 7095 7096 7096 7106 7105 7106 7106 7116 7115 7116 7116 7126 7125 7126 7126 7136 7135 7136 7136 0 0 0 0
4002 4002 4002 4002 4007 4007 4007 4007 6024 6024 6023 6024 7036 7036 7035 7036 7046 7046 7045 7046 7056 7056 7055 7056 7066 7066 7065 7066 7076 7076 7075 7076 7086 7086 7085 7086 7096 7096 7095 7096 7106 7106 7105 7106 7116 7116 7115 7116 7126 7126 7125 7126 7136 7136 7135 7136 0 0 0 0
4003 4003 4003 4003 4008 4008 4008 4008 6023 6023 6023 6024 7036 7035 7035 7035 7046 7045 7045 7045 7056 7055 7055 7055 7066 7065 7065 7065 7076 7075 7075 7075 7086 7085 7085 7085 7096 7095 7095 7095 7106 7105 7105 7105 7116 7115 7115 7115 7126 7125 7125 7125 7136 7135 7135 7135 0 0 0 0
4012 4012 4012 4012 4017 4017 4017 4017 7030 7030 7030 7031 7040 7040 7040 7041 7050 7050 7050 7051 7060 7060 7060 7061 7070 7070 7070 7071 7080 7080 7080 7081 7090 7090 7090 7091 7100 7100 7100 7101 7110 7110 7110 7111 7120 7120 7120 7121 7130 7130 7130 7131 7140 7140 7140 7141 0 0 0 0
4013 4013 4013 4013 4018 4018 4018 4018 7031 7030 7031 7031 7041 7040 7041 7041 7051 7050 7051 7051 7061 7060 7061 7061 7071 7070 7071 7071 7081 7080 7081 7081 7091 7090 7091 7091 7101 7100 7101 7101 7111 7110 7111 7111 7121 7120 7121 7121 7131 7130 7131 7131 7141 7140 7141 7141 0 0 0 0
4012 4012 4012 4012 4017 4017 4017 4017 7031 7031 7030 7031 7041 7041 7040 7041 7051 7051 7050 7051 7061 7061 7060 7061 7071 7071 7070 7071 7081 7081 7080 7081 7091 7091 7090 7091 7101 7101 7100 7101 7111 7111 7110 7111 7121 7121 7120 7121 7131 7131 7130 7131 7141 7141 7140 7141 0 0 0 0
4013 4013 4013 4013 4018 4018 4018 4018 7031 7030 7030 7030 7041 7040 7040 7040 7051 7050 7050 7050 7061 7060 7060 7060 7071 7070 7070 7070 7081 7080 7080 7080 7091 7090 7090 7090 7101 7100 7100 7100 7111 7110 7110 7110 7121 7120 7120 7120 7131 7130 7130 7130 7141 7140 7140 7140 0 0 0 0
7145 7145 7145 7146 7150 7150 7150 7151 7155 7155 7155 7156 7160 7160 7160 7161 7165 7165 7165 7166 7170 7170 7170 7171 7175 7175 7175 7176 7180 7180 7180 7181 7185 7185 7185 7186 7190 7190 7190 7191 7195 7195 7195 7196 7200 7200 7200 7201 7205 7205 7205 7206 7210 7210 7210 7211 0 0 0 0
7146 7145 7146 7146 7151 7150 7151 7151 7156 7155 7156 7156 7161 7160 7161 7161 7166 7165 7166 7166 7171 7170 7171 7171 7176 7175 7176 7176 7181 7180 7181 7181 7186 7185 7186 7186 7191 7190 7191 7191 7196 7195 7196 7196 7201 7200 7201 7201 7206 7205 7206 7206 7211 7210 7211 7211 0 0 0 0
7146 7146 7145 7146 7151 7151 7150 7151 7156 7156 7155 7156 7161 7161 7160 7161 7166 7166 7165 7166 7171 7171 7170 7171 7176 7176 7175 7176 7181 7181 7180 7181 7186 7186 7185 7186 7191 7191 7190 7191 7196 7196 7195 7196 7201 7201 7200 7201 7206 7206 7205 7206 7211 7211 7210 7211 0 0 0 0
7146 7145 7145 7145 7151 7150 7150 7150 7156 7155 7155 7155 7161 7160 7160 7160 7166 7165 7165 7165 7171 7170 7170 7170 7176 7175 7175 7175 7181 7180 7180 7180 7186 7185 7185 7185 7191 7190 7190 7190 7196 7195 7195 7195 7201 7200 7200 7200 7206 7205 7205 7205 7211 7210 7210 7210 0 0 0 0
7215 7215 7215 7216 7220 7220 7220 7221 7225 7225 7225 7226 7230 7230 7230 7231 7235 7235 7235 7236 7240 7240 7240 7241 7245 7245 7245 7246 7250 7250 7250 7251 7255 7255 7255 7256 7260 7260 7260 7261 7265 7265 7265 7266 7270 7270 7270 7271 7275 7275 7275 7276 7280 7280 7280 7281 0 0 0 0
7216 7215 7216 7216 7221 7220 7221 7221 7226 7225 7226 7226 7231 7230 7231 7231 7236 7235 7236 7236 7241 7240 7241 7241 7246 7245 7246 7246 7251 7250 7251 7251 7256 7255 7256 7256 7261 7260 7261 7261 7266 7265 7266 7266 7271 7270 7271 7271 7276 7275 7276 7276 7281 7280 7281 7281 0 0 0 0
7216 7216 7215 7216 7221 7221 7220 7221 7226 7226 7225 7226 7231 7231 7230 7231 7236 7236 7235 7236 7241 7241 7240 7241 7246 7246 7245 7246 7251 7251 7250 7251 7256 7256 7255 7256 7261 7261 7260 7261 7266 7266 7265 7266 7271 7271 7270 7271 7276 7276 7275 7276 7281 7281 7280 7281 0 0 0 0
7216 7215 7215 7215 7221 7220 7220 7220 7226 7225 7225 7225 7231 7230 7230 7230 7236 7235 7235 7235 7241 7240 7240 7240 7246 7245 7245 7245 7251 7250 7250 7250 7256 7255 7255 7255 7261 7260 7260 7260 7266 7265 7265 7265 7271 7270 7270 7270 7276 7275 7275 7275 7281 7280 7280 7280 0 0 0 0
7285 7285 7285 7286 7290 7290 7290 7291 7295 7295 7295 7296 7300 7300 7300 7301 7305 7305 7305 7306 7310 7310 7310 7311 7315 7315 7315 7316 7320 7320 7320 7321 7325 7325 7325 7326 7330 7330 7330 7331 7335 7335 7335 7336 7340 7340 7340 7341 7345 7345 7345 7346 7350 7350 7350 7351 0 0 0 0
7286 7285 7286 7286 7291 7290 7291 7291 7296 7295 7296 7296 7301 7300 7301 7301 7306 7305 7306 7306 7311 7310 7311 7311 7316 7315 7316 7316 7321 7320 7321 7321 7326 7325 7326 7326 7331 7330 7331 7331 7336 7335 7336 7336 7341 7340 7341 7341 7346 7345 7346 7346 7351 7350 7351 7351 0 0 0 0
7286 7286 7285 7286 7291 7291 7290 7291 7296 7296 7295 7296 7301 7301 7300 7301 7306 7306 7305 7306 7311 7311 7310 7311 7316 7316 7315 7316 7321 7321 7320 7321 7326 7326 7325 7326 7331 7331 7330 7331 7336 7336 7335 7336 7341 7341 7340 7341 7346 7346 7345 7346 7351 7351 7350 7351 0 0 0 0
7286 7285 7285 7285 7291 7290 7290 7290 7296 7295 7295 7295 7301 7300 7300 7300 7306 7305 7305 7305 7311 7310 7310 7310 7316 7315 7315 7315 7321 7320 7320 7320 7326 7325 7325 7325 7331 7330 7330 7330 7336 7335 7335 7335 7341 7340 7340 7340 7346 7345 7345 7345 7351 7350 7350 7350 0 0 0 0
7355 7355 7355 7356 7360 7360 7360 7361 7365 7365 7365 7366 7370 7370 7370 7371 7375 7375 7375 7376 7380 7380 7380 7381 7385 7385 7385 7386 7390 7390 7390 7391 8396 8396 8397 8397 8401 8401 8402 8402 8406 8406 8407 8407 8411 8411 8412 8412 8416 8416 8417 8417 8421 8421 8422 8422 0 0 0 0
7356 7355 7356 7356 7361 7360 7361 7361 7366 7365 7366 7366 7371 7370 7371 7371 7376 7375 7376 7376 7381 7380 7381 7381 7386 7385 7386 7386 7391 7390 7391 7391 8396 8396 8397 8397 8401 8401 8402 8402 8406 8406 8407 8407 8411 8411 8412 8412 8416 8416 8417 8417 8421 8421 8422 8422 0 0 0 0
7356 7356 7355 7356 7361 7361 7360 7361 7366 7366 7365 7366 7371 7371 7370 7371 7376 7376 7375 7376 7381 7381 7380 7381 7386 7386 7385 7386 7391 7391 7390 7391 8397 8397 8396 8396 8402 8402 8401 8401 8407 8407 8406 8406 8412 8412 8411 8411 8417 8417 8416 8416 8422 8422 8421 8421 0 0 0 0
7356 7355 7355 7355 7361 7360 7360 7360 7366 7365 7365 7365 7371 7370 7370 7370 7376 7375 7375 7375 7381 7380 7380 7380 7386 7385 7385 7385 7391 7390 7390 7390 8397 8397 8396 8396 8402 8402 8401 8401 8407 8407 8406 8406 8412 8412 8411 8411 8417 8417 8416 8416 8422 8422 8421 8421 0 0 0 0
8426 8426 8427 8427 8431 8431 8432 8432 8436 8436 8437 8437 8441 8441 8442 8442 8446 8446 8447 8447 8451 8451 8452 8452 8456 8456 8457 8457 8461 8461 8462 8462 8466 8466 8467 8467 8471 8471 8472 8472 8476 8476 8477 8477 8481 8481 8482 8482 8486 8486 8487 8487 8491 8491 8492 8492 0 0 0 0
8426 8426 8427 8427 8431 8431 8432 8432 8436 8436 8437 8437 8441 8441 8442 8442 8446 8446 8447 8447 8451 8451 8452 8452 8456 8456 8457 8457 8461 8461 8462 8462 8466 8466 8467 8467 8471 8471 8472 8472 8476 8476 8477 8477 8481 8481 8482 8482 8486 8486 8487 8487 8491 8491 8492 8492 0 0 0 0
8427 8427 8426 8426 8432 8432 8431 8431 8437 8437 8436 8436 8442 8442 8441 8441 8447 8447 8446 8446 8452 8452 8451 8451 8457 8457 8456 8456 8462 8462 8461 8461 8467 8467 8466 8466 8472 8472 8471 8471 8477 8477 8476 8476 8482 8482 8481 8481 8487 8487 8486 8486 8492 8492 8491 8491 0 0 0 0
8427 8427 8426 8426 8432 8432 8431 8431 8437 8437 8436 8436 8442 8442 8441 8441 8447 8447 8446 8446 8452 8452 8451 8451 8457 8457 8456 8456 8462 8462 8461 8461 8467 8467 8466 8466 8472 8472 8471 8471 8477 8477 8476 8476 8482 8482 8481 8481 8487 8487 8486 8486 8492 8492 8491 8491 0 0 0 0
8496 8496 8497 8497 8501 8501 8502 8502 8506 8506 8507 8507 8511 8511 8512 8512 8516 8516 8517 8517 8521 8521 8522 8522 8526 8526 8527 8527 8531 8531 8532 8532 8536 8536 8537 8537 8541 8541 8542 8542 8546 8546 8547 8547 8551 8551 8552 8552 8556 8556 8557 8557 8561 8561 8562 8562 0 0 0 0
8496 8496 8497 8497 8501 8501 8502 8502 8506 8506 8507 8507 8511 8511 8512 8512 8516 8516 8517 8517 8521 8521 8522 8522 8526 8526 8527 8527 8531 8531 8532 8532 8536 8536 8537 8537 8541 8541 8542 8542 8546 8546 8547 8547 8551 8551 8552 8552 8556 8556 8557 8557 8561 8561 8562 8562 0 0 0 0
8497 8497 8496 8496 8502 8502 8501 8501 8507 8507 8506 8506 8512 8512 8511 8511 8517 8517 8516 8516 8522 8522 8521 8521 8527 8527 8526 8526 8532 8532 8531 8531 8537 8537 8536 8536 8542 8542 8541 8541 8547 8547 8546 8546 8552 8552 8551 8551 8557 8557 8556 8556 8562 8562 8561 8561 0 0 0 0
8497 8497 8496 8496 8502 8502 8501 8501 8507 8507 8506 8506 8512 8512 8511 8511 8517 8517 8516 8516 8522 8522 8521 8521 8527 8527 8526 8526 8532 8532 8531 8531 8537 8537 8536 8536 8542 8542 8541 8541 8547 8547 8546 8546 8552 8552 8551 8551 8557 8557 8556 8556 8562 8562 8561 8561 0 0 0 0
8566 8566 8567 8567 8571 8571 8572 8572 8576 8576 8577 8577 8581 8581 8582 8582 8586 8586 8587 8587 8591 8591 8592 8592 8596 8596 8597 8597 8601 8601 8602 8602 8606 8606 8607 8607 8611 8611 8612 8612 8616 8616 8617 8617 8621 8621 8622 8622 8626 8626 8627 8627 8631 8631 8632 8632 0 0 0 0
8566 8566 8567 8567 8571 8571 8572 8572 8576 8576 8577 8577 8581 8581 8582 8582 8586 8586 8587 8587 8591 8591 8592 8592 8596 8596 8597 8597 8601 8601 8602 8602 8606 8606 8607 8607 8611 8611 8612 8612 8616 8616 8617 8617 8621 8621 8622 8622 8626 8626 8627 8627 8631 8631 8632 8632 0 0 0 0
8567 8567 8566 8566 8572 8572 8571 8571 8577 8577 8576 8576 8582 8582 8581 8581 8587 8587 8586 8586 8592 8592 8591 8591 8597 8597 8596 8596 8602 8602 8601 8601 8607 8607 8606 8606 8612 8612 8611 8611 8617 8617 8616 8616 8622 8622 8621 8621 8627 8627 8626 8626 8632 8632 8631 8631 0 0 0 0
8567 8567 8566 8566 8572 8572 8571 8571 8577 8577 8576 8576 8582 8582 8581 8581 8587 8587 8586 8586 8592 8592 8591 8591 8597 8597 8596 8596 8602 8602 8601 8601 8607 8607 8606 8606 8612 8612 8611 8611 8617 8617 8616 8616 8622 8622 8621 8621 8627 8627 8626 8626 8632 8632 8631 8631 0 0 0 0
8636 8636 8637 8637 8641 8641 8642 8642 8646 8646 8647 8647 8651 8651 8652 8652 8656 8656 8657 8657 8661 8661 8662 8662 8666 8666 8667 8667 8671 8671 8672 8672 8676 8676 8677 8677 8681 8681 8682 8682 8686 8686 8687 8687 8691 8691 8692 8692 8696 8696 8697 8697 8701 8701 8702 8702 0 0 0 0
8636 8636 8637 8637 8641 8641 8642 8642 8646 8646 8647 8647 8651 8651 8652 8652 8656 8656 8657 8657 8661 8661 8662 8662 8666 8666 8667 8667 8671 8671 8672 8672 8676 8676 8677 8677 8681 8681 8682 8682 8686 8686 8687 8687 8691 8691 8692 8692 8696 8696 8697 8697 8701 8701 8702 8702 0 0 0 0
8637 8637 8636 8636 8642 8642 8641 8641 8647 8647 8646 8646 8652 8652 8651 8651 8657 8657 8656 8656 8662 8662 8661 8661 8667 8667 8666 8666 8672 8672 8671 8671 8677 8677 8676 8676 8682 8682 8681 8681 8687 8687 8686 8686 8692 8692 8691 8691 8697 8697 8696 8696 8702 8702 8701 8701 0 0 0 0
8637 8637 8636 8636 8642 8642 8641 8641 8647 8647 8646 8646 8652 8652 8651 8651 8657 8657 8656 8656 8662 8662 8661 8661 8667 8667 8666 8666 8672 8672 8671 8671 8677 8677 8676 8676 8682 8682 8681 8681 8687 8687 8686 8686 8692 8692 8691 8691 8697 8697 8696 8696 8702 8702 8701 8701 0 0 0 0
8706 8706 8707 8707 8711 8711 8712 8712 8716 8716 8717 8717 8721 8721 8722 8722 8726 8726 8727 8727 8731 8731 8732 8732 8736 8736 8737 8737 741 741 741 741 746 746 746 746 751 751 751 751 756 756 756 756 803 803 803 808 815 815 815 830 845 851 851 0 0 0 0 0
8706 8706 8707 8707 8711 8711 8712 8712 8716 8716 8717 8717 8721 8721 8722 8722 8726 8726 8727 8727 8731 8731 8732 8732 8736 8736 8737 8737 762 762 767 767 772 772 777 777 782 782 787 787 793 793 793 798 803 808 808 808 820 815 830 830 845 845 851 851 0 0 0 0
8707 8707 8706 8706 8712 8712 8711 8711 8717 8717 8716 8716 8722 8722 8721 8721 8727 8727 8726 8726 8732 8732 8731 8731 8737 8737 8736 8736 762 762 767 767 772 772 777 777 782 782 787 787 793 798 798 798 825 825 825 820 820 820 835 830 845 856 931 931 0 0 0 0
8707 8707 8706 8706 8712 8712 8711 8711 8717 8717 8716 8716 8722 8722 8721 8721 8727 8727 8726 8726 8732 8732 8731 8731 8737 8737 8736 8736 901 896 896 891 891 886 886 881 881 876 876 871 871 866 866 861 861 825 840 840 840 835 835 835 856 856 926 931 931 0 0 0
0 0 0 0 0 0 0 0 0 0 0 0 1017 1017 1012 1012 1007 1007 1002 1002 997 997 992 992 987 987 971 901 901 906 896 896 891 891 886 886 881 881 876 876 871 871 866 866 861 861 911 840 916 0 921 921 856 926 926 936 0 0 0 0
0 0 0 0 0 0 0 0 0 0 0 1017 1017 1012 1012 1007 1007 1002 1002 997 997 992 992 987 987 971 971 901 906 906 941 0 0 0 0 0 0 0 0 0 0 0 0 0 0 911 911 916 916 946 946 921 921 926 936 936 0 0 0 0
0 0 0 0 0 0 0 0 0 0 0 0 0 0 0 0 0 0 0 0 0 0 0 0 0 971 966 966 906 941 941 0 0 0 0 0 0 0 0 0 0 0 0 0 0 911 976 916 951 951 946 946 956 956 936 0 0 0 0 0
0 0 0 0 0 0 0 0 0 0 0 0 0 0 0 0 0 0 0 0 0 0 0 0 0 0 0 966 966 941 0 0 0 0 0 0 0 0 0 0 0 0 0 0 0 976 976 982 982 951 951 961 961 956 956 0 0 0 0 0
0 0 0 0 0 0 0 0 0 0 0 0 0 0 0 0 0 0 0 0 0 0 0 0 0 0 0 0 0 0 0 0 0 0 0 0 0 0 0 0 0 0 0 0 0 976 982 982 0 0 0 0 961 961 0 0 0 0 0 0
0 0 0 0 0 0 0 0 0 0 0 0 0 0 0 0 0 0 0 0 0 0 0 0 0 0 0 0 0 0 0 0 0 0 0 0 0 0 0 0 0 0 0 0 0 0 0 0 0 0 0 0 0 0 0 0 0 0 0 0
0 0 0 0 0 0 0 0 0 0 0 0 0 0 0 0 0 0 0 0 0 0 0 0 0 0 0 0 0 0 0 0 0 0 0 0 0 0 0 0 0 0 0 0 0 0 0 0 0 0 0 0 0 0 0 0 0 0 0 0
0 0 0 0 0 0 0 0 0 0 0 0 0 0 0 0 0 0 0 0 0 0 0 0 0 0 0 0 0 0 0 0 0 0 0 0 0 0 0 0 0 0 0 0 0 0 0 0 0 0 0 0 0 0 0 0 0 0 0 0
0 0 0 0 0 0 0 0 0 0 0 0 0 0 0 0 0 0 0 0 0 0 0 0 0 0 0 0 0 0 0 0 0 0 0 0 0 0 0 0 0 0 0 0 0 0 0 0 0 0 0 0 0 0 0 0 0 0 0 0
0 0 0 0 0 0 0 0 0 0 0 0 0 0 0 0 0 0 0 0 0 0 0 0 0 0 0 0 0 0 0 0 0 0 0 0 0 0 0 0 0 0 0 0 0 0 0 0 0 0 0 0 0 0 0 0 0 0 0 0
0 0 0 0 0 0 0 0 0 0 0 0 0 0 0 0 0 0 0 0 0 0 0 0 0 0 0 0 0 0 0 0 0 0 0 0 0 0 0 0 0 0 0 0 0 0 0 0 0 0 0 0 0 0 0 0 0 0 0 0
0 0 0 0 0 0 0 0 0 0 0 0 0 0 0 0 0 0 0 0 0 0 0 0 0 0 0 0 0 0 0 0 0 0 0 0 0 0 0 0 0 0 0 0 0 0 0 0 0 0 0 0 0 0 0 0 0 0 0 0
0 0 0 0 0 0 0 0 0 0 0 0 0 0 0 0 0 0 0 0 0 0 0 0 0 0 0 0 0 0 0 0 0 0 0 0 0 0 0 0 0 0 0 0 0 0 0 0 0 0 0 0 0 0 0 0 0 0 0 0
0 0 0 0 0 0 0 0 0 0 0 0 0 0 0 0 0 0 0 0 0 0 0 0 0 0 0 0 0 0 0 0 0 0 0 0 0 0 0 0 0 0 0 0 0 0 0 0 0 0 0 0 0 0 0 0 0 0 0 0
0 0 0 0 0 0 0 0 0 0 0 0 0 0 0 0 0 0 0 0 0 0 0 0 0 0 0 0 0 0 0 0 0 0 0 0 0 0 0 0 0 0 0 0 0 0 0 0 0 0 0 0 0 0 0 0 0 0 0 0
0 0 0 0 0 0 0 0 0 0 0 0 0 0 0 0 0 0 0 0 0 0 0 0 0 0 0 0 0 0 0 0 0 0 0 0 0 0 0 0 0 0 0 0 0 0 0 0 0 0 0 0 0 0 0 0 0 0 0 0
