800904
Zlaganje

81
75 75
4002 4002 4002 4002 4007 4007 4007 4007 4022 4022 4022 4022 4032 4032 4032 4032 4042 4042 4042 4042 4052 4052 4052 4052 4062 4062 4062 4062 4072 4072 4072 4072 4082 4082 4082 4082 4092 4092 4092 4092 4102 4102 4102 4102 4112 4112 4112 4112 4122 4122 4122 4122 4132 4132 4132 4132 4142 4142 4142 4142 4152 4152 4152 4152 4162 4162 4162 4162 4172 4172 4172 4172 0 0 0
4003 4003 4003 4003 4008 4008 4008 4008 4023 4023 4023 4023 4033 4033 4033 4033 4043 4043 4043 4043 4053 4053 4053 4053 4063 4063 4063 4063 4073 4073 4073 4073 4083 4083 4083 4083 4093 4093 4093 4093 4103 4103 4103 4103 4113 4113 4113 4113 4123 4123 4123 4123 4133 4133 4133 4133 4143 4143 4143 4143 4153 4153 4153 4153 4163 4163 4163 4163 4173 4173 4173 4173 0 0 0
4002 4002 4002 4002 4007 4007 4007 4007 4022 4022 4022 4022 4032 4032 4032 4032 4042 4042 4042 4042 4052 4052 4052 4052 4062 4062 4062 4062 4072 4072 4072 4072 4082 4082 4082 4082 4092 4092 4092 4092 4102 4102 4102 4102 4112 4112 4112 4112 4122 4122 4122 4122 4132 4132 4132 4132 4142 4142 4142 4142 4152 4152 4152 4152 4162 4162 4162 4162 4172 4172 4172 4172 0 0 0
4003 4003 4003 4003 4008 4008 4008 4008 4023 4023 4023 4023 4033 4033 4033 4033 4043 4043 4043 4043 4053 4053 4053 4053 4063 4063 4063 4063 4073 4073 4073 4073 4083 4083 4083 4083 4093 4093 4093 4093 4103 4103 4103 4103 4113 4113 4113 4113 4123 4123 4123 4123 4133 4133 4133 4133 4143 4143 4143 4143 4153 4153 4153 4153 4163 4163 4163 4163 4173 4173 4173 4173 0 0 0
4012 4012 4012 4012 4017 4017 4017 4017 4027 4027 4027 4027 4037 4037 4037 4037 4047 4047 4047 4047 4057 4057 4057 4057 4067 4067 4067 4067 4077 4077 4077 4077 4087 4087 4087 4087 4097 4097 4097 4097 4107 4107 4107 4107 4117 4117 4117 4117 4127 4127 4127 4127 4137 4137 4137 4137 4147 4147 4147 4147 4157 4157 4157 4157 4167 4167 4167 4167 4177 4177 4177 4177 0 0 0
4013 4013 4013 4013 4018 4018 4018 4018 4028 4028 4028 4028 4038 4038 4038 4038 4048 4048 4048 4048 4058 4058 4058 4058 4068 4068 4068 4068 4078 4078 4078 4078 4088 4088 4088 4088 4098 4098 4098 4098 4108 4108 4108 4108 4118 4118 4118 4118 4128 4128 4128 4128 4138 4138 4138 4138 4148 4148 4148 4148 4158 4158 4158 4158 4168 4168 4168 4168 4178 4178 4178 4178 0 0 0
4012 4012 4012 4012 4017 4017 4017 4017 4027 4027 4027 4027 4037 4037 4037 4037 4047 4047 4047 4047 4057 4057 4057 4057 4067 4067 4067 4067 4077 4077 4077 4077 4087 4087 4087 4087 4097 4097 4097 4097 4107 4107 4107 4107 4117 4117 4117 4117 4127 4127 4127 4127 4137 4137 4137 4137 4147 4147 4147 4147 4157 4157 4157 4157 4167 4167 4167 4167 4177 4177 4177 4177 0 0 0
4013 4013 4013 4013 4018 4018 4018 4018 4028 4028 4028 4028 4038 4038 4038 4038 4048 4048 4048 4048 4058 4058 4058 4058 4068 4068 4068 4068 4078 4078 4078 4078 4088 4088 4088 4088 4098 4098 4098 4098 4108 4108 4108 4108 4118 4118 4118 4118 4128 4128 4128 4128 4138 4138 4138 4138 4148 4148 4148 4148 4158 4158 4158 4158 4168 4168 4168 4168 4178 4178 4178 4178 0 0 0
4182 4182 4182 4182 4187 4187 4187 4187 4192 4192 4192 4192 4197 4197 4197 4197 4202 4202 4202 4202 4207 4207 4207 4207 4212 4212 4212 4212 4217 4217 4217 4217 4222 4222 4222 4222 4227 4227 4227 4227 4232 4232 4232 4232 4237 4237 4237 4237 4242 4242 4242 4242 4247 4247 4247 4247 4252 4252 4252 4252 4257 4257 4257 4257 4262 4262 4262 4262 4267 4267 4267 4267 0 0 0
4183 4183 4183 4183 4188 4188 4188 4188 4193 4193 4193 4193 4198 4198 4198 4198 4203 4203 4203 4203 4208 4208 4208 4208 4213 4213 4213 4213 4218 4218 4218 4218 4223 4223 4223 4223 4228 4228 4228 4228 4233 4233 4233 4233 4238 4238 4238 4238 4243 4243 4243 4243 4248 4248 4248 4248 4253 4253 4253 4253 4258 4258 4258 4258 4263 4263 4263 4263 4268 4268 4268 4268 0 0 0
4182 4182 4182 4182 4187 4187 4187 4187 4192 4192 4192 4192 4197 4197 4197 4197 4202 4202 4202 4202 4207 4207 4207 4207 4212 4212 4212 4212 4217 4217 4217 4217 4222 4222 4222 4222 4227 4227 4227 4227 4232 4232 4232 4232 4237 4237 4237 4237 4242 4242 4242 4242 4247 4247 4247 4247 4252 4252 4252 4252 4257 4257 4257 4257 4262 4262 4262 4262 4267 4267 4267 4267 0 0 0
4183 4183 4183 4183 4188 4188 4188 4188 4193 4193 4193 4193 4198 4198 4198 4198 4203 4203 4203 4203 4208 4208 4208 4208 4213 4213 4213 4213 4218 4218 4218 4218 4223 4223 4223 4223 4228 4228 4228 4228 4233 4233 4233 4233 4238 4238 4238 4238 4243 4243 4243 4243 4248 4248 4248 4248 4253 4253 4253 4253 4258 4258 4258 4258 4263 4263 4263 4263 4268 4268 4268 4268 0 0 0
4272 4272 4272 4272 4277 4277 4277 4277 4282 4282 4282 4282 4287 4287 4287 4287 4292 4292 4292 4292 4297 4297 4297 4297 4302 4302 4302 4302 4307 4307 4307 4307 4312 4312 4312 4312 4317 4317 4317 4317 4322 4322 4322 4322 4327 4327 4327 4327 6334 6333 6333 6333 6339 6338 6338 6338 6344 6343 6343 6343 6349 6348 6348 6348 6354 6353 6353 6353 6359 6358 6358 6358 0 0 0
4273 4273 4273 4273 4278 4278 4278 4278 4283 4283 4283 4283 4288 4288 4288 4288 4293 4293 4293 4293 4298 4298 4298 4298 4303 4303 4303 4303 4308 4308 4308 4308 4313 4313 4313 4313 4318 4318 4318 4318 4323 4323 4323 4323 4328 4328 4328 4328 6334 6333 6334 6334 6339 6338 6339 6339 6344 6343 6344 6344 6349 6348 6349 6349 6354 6353 6354 6354 6359 6358 6359 6359 0 0 0
4272 4272 4272 4272 4277 4277 4277 4277 4282 4282 4282 4282 4287 4287 4287 4287 4292 4292 4292 4292 4297 4297 4297 4297 4302 4302 4302 4302 4307 4307 4307 4307 4312 4312 4312 4312 4317 4317 4317 4317 4322 4322 4322 4322 4327 4327 4327 4327 6334 6334 6333 6334 6339 6339 6338 6339 6344 6344 6343 6344 6349 6349 6348 6349 6354 6354 6353 6354 6359 6359 6358 6359 0 0 0
4273 4273 4273 4273 4278 4278 4278 4278 4283 4283 4283 4283 4288 4288 4288 4288 4293 4293 4293 4293 4298 4298 4298 4298 4303 4303 4303 4303 4308 4308 4308 4308 4313 4313 4313 4313 4318 4318 4318 4318 4323 4323 4323 4323 4328 4328 4328 4328 6333 6333 6333 6334 6338 6338 6338 6339 6343 6343 6343 6344 6348 6348 6348 6349 6353 6353 6353 6354 6358 6358 6358 6359 0 0 0
6364 6363 6363 6363 6369 6368 6368 6368 6374 6373 6373 6373 6379 6378 6378 6378 6384 6383 6383 6383 6389 6388 6388 6388 6394 6393 6393 6393 6399 6398 6398 6398 6404 6403 6403 6403 6409 6408 6408 6408 6414 6413 6413 6413 6419 6418 6418 6418 6424 6423 6423 6423 6429 6428 6428 6428 6434 6433 6433 6433 6439 6438 6438 6438 6444 6443 6443 6443 6449 6448 6448 6448 0 0 0
6364 6363 6364 6364 6369 6368 6369 6369 6374 6373 6374 6374 6379 6378 6379 6379 6384 6383 6384 6384 6389 6388 6389 6389 6394 6393 6394 6394 6399 6398 6399 6399 6404 6403 6404 6404 6409 6408 6409 6409 6414 6413 6414 6414 6419 6418 6419 6419 6424 6423 6424 6424 6429 6428 6429 6429 6434 6433 6434 6434 6439 6438 6439 6439 6444 6443 6444 6444 6449 6448 6449 6449 0 0 0
6364 6364 6363 6364 6369 6369 6368 6369 6374 6374 6373 6374 6379 6379 6378 6379 6384 6384 6383 6384 6389 6389 6388 6389 6394 6394 6393 6394 6399 6399 6398 6399 6404 6404 6403 6404 6409 6409 6408 6409 6414 6414 6413 6414 6419 6419 6418 6419 6424 6424 6423 6424 6429 6429 6428 6429 6434 6434 6433 6434 6439 6439 6438 6439 6444 6444 6443 6444 6449 6449 6448 6449 0 0 0
6363 6363 6363 6364 6368 6368 6368 6369 6373 6373 6373 6374 6378 6378 6378 6379 6383 6383 6383 6384 6388 6388 6388 6389 6393 6393 6393 6394 6398 6398 6398 6399 6403 6403 6403 6404 6408 6408 6408 6409 6413 6413 6413 6414 6418 6418 6418 6419 6423 6423 6423 6424 6428 6428 6428 6429 6433 6433 6433 6434 6438 6438 6438 6439 6443 6443 6443 6444 6448 6448 6448 6449 0 0 0
6454 6453 6453 6453 6459 6458 6458 6458 6464 6463 6463 6463 6469 6468 6468 6468 6474 6473 6473 6473 6479 6478 6478 6478 6484 6483 6483 6483 6489 6488 6488 6488 6494 6493 6493 6493 6499 6498 6498 6498 6504 6503 6503 6503 6509 6508 6508 6508 6514 6513 6513 6513 6519 6518 6518 6518 6524 6523 6523 6523 6529 6528 6528 6528 6534 6533 6533 6533 6539 6538 6538 6538 0 0 0
6454 6453 6454 6454 6459 6458 6459 6459 6464 6463 6464 6464 6469 6468 6469 6469 6474 6473 6474 6474 6479 6478 6479 6479 6484 6483 6484 6484 6489 6488 6489 6489 6494 6493 6494 6494 6499 6498 6499 6499 6504 6503 6504 6504 6509 6508 6509 6509 6514 6513 6514 6514 6519 6518 6519 6519 6524 6523 6524 6524 6529 6528 6529 6529 6534 6533 6534 6534 6539 6538 6539 6539 0 0 0
6454 6454 6453 6454 6459 6459 6458 6459 6464 6464 6463 6464 6469 6469 6468 6469 6474 6474 6473 6474 6479 6479 6478 6479 6484 6484 6483 6484 6489 6489 6488 6489 6494 6494 6493 6494 6499 6499 6498 6499 6504 6504 6503 6504 6509 6509 6508 6509 6514 6514 6513 6514 6519 6519 6518 6519 6524 6524 6523 6524 6529 6529 6528 6529 6534 6534 6533 6534 6539 6539 6538 6539 0 0 0
6453 6453 6453 6454 6458 6458 6458 6459 6463 6463 6463 6464 6468 6468 6468 6469 6473 6473 6473 6474 6478 6478 6478 6479 6483 6483 6483 6484 6488 6488 6488 6489 6493 6493 6493 6494 6498 6498 6498 6499 6503 6503 6503 6504 6508 6508 6508 6509 6513 6513 6513 6514 6518 6518 6518 6519 6523 6523 6523 6524 6528 6528 6528 6529 6533 6533 6533 6534 6538 6538 6538 6539 0 0 0
6544 6543 6543 6543 6549 6548 6548 6548 6554 6553 6553 6553 6559 6558 6558 6558 6564 6563 6563 6563 6569 6568 6568 6568 6574 6573 6573 6573 6579 6578 6578 6578 6584 6583 6583 6583 6589 6588 6588 6588 6594 6593 6593 6593 6599 6598 6598 6598 6604 6603 6603 6603 6609 6608 6608 6608 6614 6613 6613 6613 6619 6618 6618 6618 6624 6623 6623 6623 6629 6628 6628 6628 0 0 0
6544 6543 6544 6544 6549 6548 6549 6549 6554 6553 6554 6554 6559 6558 6559 6559 6564 6563 6564 6564 6569 6568 6569 6569 6574 6573 6574 6574 6579 6578 6579 6579 6584 6583 6584 6584 6589 6588 6589 6589 6594 6593 6594 6594 6599 6598 6599 6599 6604 6603 6604 6604 6609 6608 6609 6609 6614 6613 6614 6614 6619 6618 6619 6619 6624 6623 6624 6624 6629 6628 6629 6629 0 0 0
6544 6544 6543 6544 6549 6549 6548 6549 6554 6554 6553 6554 6559 6559 6558 6559 6564 6564 6563 6564 6569 6569 6568 6569 6574 6574 6573 6574 6579 6579 6578 6579 6584 6584 6583 6584 6589 6589 6588 6589 6594 6594 6593 6594 6599 6599 6598 6599 6604 6604 6603 6604 6609 6609 6608 6609 6614 6614 6613 6614 6619 6619 6618 6619 6624 6624 6623 6624 6629 6629 6628 6629 0 0 0
6543 6543 6543 6544 6548 6548 6548 6549 6553 6553 6553 6554 6558 6558 6558 6559 6563 6563 6563 6564 6568 6568 6568 6569 6573 6573 6573 6574 6578 6578 6578 6579 6583 6583 6583 6584 6588 6588 6588 6589 6593 6593 6593 6594 6598 6598 6598 6599 6603 6603 6603 6604 6608 6608 6608 6609 6613 6613 6613 6614 6618 6618 6618 6619 6623 6623 6623 6624 6628 6628 6628 6629 0 0 0
6634 6633 6633 6633 6639 6638 6638 6638 6644 6643 6643 6643 5649 5649 5649 5650 5654 5654 5654 5655 5659 5659 5659 5660 5664 5664 5664 5665 5669 5669 5669 5670 5674 5674 5674 5675 5679 5679 5679 5680 5684 5684 5684 5685 5689 5689 5689 5690 5694 5694 5694 5695 5699 5699 5699 5700 5704 5704 5704 5705 5709 5709 5709 5710 5714 5714 5714 5715 5719 5719 5719 5720 0 0 0
6634 6633 6634 6634 6639 6638 6639 6639 6644 6643 6644 6644 5650 5650 5649 5650 5655 5655 5654 5655 5660 5660 5659 5660 5665 5665 5664 5665 5670 5670 5669 5670 5675 5675 5674 5675 5680 5680 5679 5680 5685 5685 5684 5685 5690 5690 5689 5690 5695 5695 5694 5695 5700 5700 5699 5700 5705 5705 5704 5705 5710 5710 5709 5710 5715 5715 5714 5715 5720 5720 5719 5720 0 0 0
6634 6634 6633 6634 6639 6639 6638 6639 6644 6644 6643 6644 5650 5649 5650 5650 5655 5654 5655 5655 5660 5659 5660 5660 5665 5664 5665 5665 5670 5669 5670 5670 5675 5674 5675 5675 5680 5679 5680 5680 5685 5684 5685 5685 5690 5689 5690 5690 5695 5694 5695 5695 5700 5699 5700 5700 5705 5704 5705 5705 5710 5709 5710 5710 5715 5714 5715 5715 5720 5719 5720 5720 0 0 0
6633 6633 6633 6634 6638 6638 6638 6639 6643 6643 6643 6644 5650 5649 5649 5649 5655 5654 5654 5654 5660 5659 5659 5659 5665 5664 5664 5664 5670 5669 5669 5669 5675 5674 5674 5674 5680 5679 5679 5679 5685 5684 5684 5684 5690 5689 5689 5689 5695 5694 5694 5694 5700 5699 5699 5699 5705 5704 5704 5704 5710 5709 5709 5709 5715 5714 5714 5714 5720 5719 5719 5719 0 0 0
5724 5724 5724 5725 5729 5729 5729 5730 5734 5734 5734 5735 5739 5739 5739 5740 5744 5744 5744 5745 5749 5749 5749 5750 5754 5754 5754 5755 5759 5759 5759 5760 5764 5764 5764 5765 5769 5769 5769 5770 5774 5774 5774 5775 5779 5779 5779 5780 5784 5784 5784 5785 5789 5789 5789 5790 5794 5794 5794 5795 5799 5799 5799 5800 5804 5804 5804 5805 5809 5809 5809 5810 0 0 0
5725 5725 5724 5725 5730 5730 5729 5730 5735 5735 5734 5735 5740 5740 5739 5740 5745 5745 5744 5745 5750 5750 5749 5750 5755 5755 5754 5755 5760 5760 5759 5760 5765 5765 5764 5765 5770 5770 5769 5770 5775 5775 5774 5775 5780 5780 5779 5780 5785 5785 5784 5785 5790 5790 5789 5790 5795 5795 5794 5795 5800 5800 5799 5800 5805 5805 5804 5805 5810 5810 5809 5810 0 0 0
5725 5724 5725 5725 5730 5729 5730 5730 5735 5734 5735 5735 5740 5739 5740 5740 5745 5744 5745 5745 5750 5749 5750 5750 5755 5754 5755 5755 5760 5759 5760 5760 5765 5764 5765 5765 5770 5769 5770 5770 5775 5774 5775 5775 5780 5779 5780 5780 5785 5784 5785 5785 5790 5789 5790 5790 5795 5794 5795 5795 5800 5799 5800 5800 5805 5804 5805 5805 5810 5809 5810 5810 0 0 0
5725 5724 5724 5724 5730 5729 5729 5729 5735 5734 5734 5734 5740 5739 5739 5739 5745 5744 5744 5744 5750 5749 5749 5749 5755 5754 5754 5754 5760 5759 5759 5759 5765 5764 5764 5764 5770 5769 5769 5769 5775 5774 5774 5774 5780 5779 5779 5779 5785 5784 5784 5784 5790 5789 5789 5789 5795 5794 5794 5794 5800 5799 5799 5799 5805 5804 5804 5804 5810 5809 5809 5809 0 0 0
5814 5814 5814 5815 5819 5819 5819 5820 5824 5824 5824 5825 5829 5829 5829 5830 5834 5834 5834 5835 5839 5839 5839 5840 5844 5844 5844 5845 5849 5849 5849 5850 5854 5854 5854 5855 5859 5859 5859 5860 5864 5864 5864 5865 5869 5869 5869 5870 5874 5874 5874 5875 5879 5879 5879 5880 5884 5884 5884 5885 5889 5889 5889 5890 5894 5894 5894 5895 5899 5899 5899 5900 0 0 0
5815 5815 5814 5815 5820 5820 5819 5820 5825 5825 5824 5825 5830 5830 5829 5830 5835 5835 5834 5835 5840 5840 5839 5840 5845 5845 5844 5845 5850 5850 5849 5850 5855 5855 5854 5855 5860 5860 5859 5860 5865 5865 5864 5865 5870 5870 5869 5870 5875 5875 5874 5875 5880 5880 5879 5880 5885 5885 5884 5885 5890 5890 5889 5890 5895 5895 5894 5895 5900 5900 5899 5900 0 0 0
5815 5814 5815 5815 5820 5819 5820 5820 5825 5824 5825 5825 5830 5829 5830 5830 5835 5834 5835 5835 5840 5839 5840 5840 5845 5844 5845 5845 5850 5849 5850 5850 5855 5854 5855 5855 5860 5859 5860 5860 5865 5864 5865 5865 5870 5869 5870 5870 5875 5874 5875 5875 5880 5879 5880 5880 5885 5884 5885 5885 5890 5889 5890 5890 5895 5894 5895 5895 5900 5899 5900 5900 0 0 0
5815 5814 5814 5814 5820 5819 5819 5819 5825 5824 5824 5824 5830 5829 5829 5829 5835 5834 5834 5834 5840 5839 5839 5839 5845 5844 5844 5844 5850 5849 5849 5849 5855 5854 5854 5854 5860 5859 5859 5859 5865 5864 5864 5864 5870 5869 5869 5869 5875 5874 5874 5874 5880 5879 5879 5879 5885 5884 5884 5884 5890 5889 5889 5889 5895 5894 5894 5894 5900 5899 5899 5899 0 0 0
5904 5904 5904 5905 5909 5909 5909 5910 5914 5914 5914 5915 5919 5919 5919 5920 5924 5924 5924 5925 5929 5929 5929 5930 5934 5934 5934 5935 5939 5939 5939 5940 5944 5944 5944 5945 5949 5949 5949 5950 5954 5954 5954 5955 5959 5959 5959 5960 5964 5964 5964 5965 5969 5969 5969 5970 8976 8976 8977 8977 8981 8981 8982 8982 8986 8986 8987 8987 8991 8991 8992 8992 0 0 0
5905 5905 5904 5905 5910 5910 5909 5910 5915 5915 5914 5915 5920 5920 5919 5920 5925 5925 5924 5925 5930 5930 5929 5930 5935 5935 5934 5935 5940 5940 5939 5940 5945 5945 5944 5945 5950 5950 5949 5950 5955 5955 5954 5955 5960 5960 5959 5960 5965 5965 5964 5965 5970 5970 5969 5970 8976 8976 8977 8977 8981 8981 8982 8982 8986 8986 8987 8987 8991 8991 8992 8992 0 0 0
5905 5904 5905 5905 5910 5909 5910 5910 5915 5914 5915 5915 5920 5919 5920 5920 5925 5924 5925 5925 5930 5929 5930 5930 5935 5934 5935 5935 5940 5939 5940 5940 5945 5944 5945 5945 5950 5949 5950 5950 5955 5954 5955 5955 5960 5959 5960 5960 5965 5964 5965 5965 5970 5969 5970 5970 8977 8977 8976 8976 8982 8982 8981 8981 8987 8987 8986 8986 8992 8992 8991 8991 0 0 0
5905 5904 5904 5904 5910 5909 5909 5909 5915 5914 5914 5914 5920 5919 5919 5919 5925 5924 5924 5924 5930 5929 5929 5929 5935 5934 5934 5934 5940 5939 5939 5939 5945 5944 5944 5944 5950 5949 5949 5949 5955 5954 5954 5954 5960 5959 5959 5959 5965 5964 5964 5964 5970 5969 5969 5969 8977 8977 8976 8976 8982 8982 8981 8981 8987 8987 8986 8986 8992 8992 8991 8991 0 0 0
8996 8996 8997 8997 1001 1001 1001 1001 1006 1006 1006 1006 1011 1011 1011 1011 1016 1016 1016 1016 1063 1063 1063 1068 1074 1079 1079 1089 1089 1089 1100 1100 1100 1110 1120 1125 1125 1125 1130 0 1261 1271 1271 1276 1276 1281 1281 1286 1286 1291 1291 1296 1296 1301 1301 1306 1306 1311 1311 1316 1316 1321 1321 1326 1326 1331 1331 1336 1336 1341 1341 0 0 0 0
8996 8996 8997 8997 1022 1022 1027 1027 1032 1032 1037 1037 1043 1043 1043 1048 1053 1053 1053 1058 1063 1068 1068 1068 1074 1079 1094 1094 1094 1089 1105 1100 1110 1110 1120 1120 1125 1130 1130 1261 1261 1266 1271 1271 1276 1276 1281 1281 1286 1286 1291 1291 1296 1296 1301 1301 1306 1306 1311 1311 1316 1316 1321 1321 1326 1326 1331 1331 1336 1336 1341 1341 0 0 0
8997 8997 8996 8996 1022 1022 1027 1027 1032 1032 1037 1037 1043 1048 1048 1048 1053 1058 1058 1058 1084 1084 1084 1074 1074 1079 1136 1136 1094 1105 1105 1105 1115 1110 1120 1146 1151 1151 1130 1261 1266 1266 1346 1371 1371 1376 1376 1381 1381 1386 1386 1391 1391 1396 1396 1401 1401 1406 1406 1411 1411 1416 1416 1421 1421 1426 1426 1431 1431 1436 1436 0 0 0 0
8997 8997 8996 8996 1206 1206 1201 1201 1196 1196 1191 1191 1186 1186 1181 1181 1176 1176 1171 1171 1166 1166 1084 1216 1216 1211 1211 1136 1136 1141 1141 1115 1115 1115 1146 1146 1156 1151 1151 1256 1266 1346 1346 1366 1371 1371 1376 1376 1381 1381 1386 1386 1391 1391 1396 1396 1401 1401 1406 1406 1411 1411 1416 1416 1421 1421 1426 1426 1431 1431 1436 1436 0 0 0
2377 1236 1236 1231 1231 1206 1206 1201 1201 1196 1196 1191 1191 1186 1186 1181 1181 1176 1176 1171 1171 1166 1166 1241 1216 1216 1211 1211 1221 1221 1141 1141 1161 1161 1146 1156 1156 1246 1256 1256 1351 1346 1366 1366 1441 0 1621 0 1646 0 1696 0 1716 0 1811 0 1871 0 1896 0 2061 0 2236 0 0 0 0 0 0 0 0 0 0 0 0
2377 2377 1236 1236 1231 1231 0 2372 2372 2367 2367 2341 0 2146 0 1971 0 1776 0 1596 0 1496 1241 1241 1451 1461 1461 1456 1456 1221 1221 1226 1226 1161 1161 1156 1246 1246 1256 1351 1351 1361 1366 1441 1441 1621 1621 1646 1646 1696 1696 1716 1716 1811 1811 1871 1871 1896 1896 2061 2061 2236 2236 0 0 0 0 0 0 0 0 0 0 0 0
0 2377 2382 2382 2387 2387 2372 2372 2367 2367 2341 2341 2146 2146 1971 1971 1776 1776 1596 1596 1496 1496 1241 1451 1451 1466 1461 1461 1456 1456 1471 1471 1226 1226 1251 1251 1246 1356 1356 1351 1361 1361 1446 1441 1486 1621 1626 1646 1651 1696 1701 1716 1721 1811 1816 1871 1876 1896 1901 2061 2066 2236 2241 0 0 0 0 0 0 0 0 0 0 0 0
0 2382 2382 2387 2387 2392 2392 0 0 0 2341 2336 2146 2141 1971 1966 1776 1771 1596 1591 1496 1491 1491 1451 1466 1466 1501 1511 1511 1506 1506 1471 1471 1476 1476 1251 1251 1481 1356 1356 1361 1446 1446 1486 1486 1626 1626 1651 1651 1701 1701 1721 1721 1816 1816 1876 1876 1901 1901 2066 2066 2241 2241 0 0 0 0 0 0 0 0 0 0 0 0
0 0 0 0 2392 2392 0 0 0 0 2336 2336 2141 2141 1966 1966 1771 1771 1591 1591 1531 1531 1491 1491 1466 1501 1501 1516 1511 1511 1506 1506 1521 1521 1476 1476 1481 1481 1536 1541 1541 1446 0 1486 1616 1626 1631 1651 1661 1701 1706 1721 1726 1816 1821 1876 1881 1901 1906 2066 2071 2241 2246 0 0 0 0 0 0 0 0 0 0 0 0
0 0 0 0 0 0 0 0 0 0 2336 2331 2141 2136 1966 1961 1771 1766 1591 1586 1586 1531 1531 1526 1526 1501 1516 1516 1551 1561 1561 1556 1556 1521 1521 1566 1481 1536 1536 1546 1541 1541 1611 1616 1616 1631 1631 1661 1661 1706 1706 1726 1726 1821 1821 1881 1881 1906 1906 2071 2071 2246 2246 0 0 0 0 0 0 0 0 0 0 0 0
0 0 0 0 0 0 0 0 0 0 2331 2331 2136 2136 1961 1961 1766 1766 1601 1601 1586 1586 1581 1581 1526 1526 1516 1551 1551 1571 1561 1561 1556 1556 1566 1566 1576 1536 1546 1546 1606 1611 1611 1616 1636 1631 1641 1661 1691 1706 1711 1726 1731 1821 1826 1881 1886 1906 1911 2071 2076 2246 2251 0 0 0 0 0 0 0 0 0 0 0 0
0 0 0 0 0 0 0 0 0 0 2331 2326 2136 2131 1961 1956 1766 1761 1761 1601 1601 1666 1666 1581 1581 1656 1656 1551 1571 1571 1676 1676 1671 1671 1566 1576 1576 1681 1546 1606 1606 1611 1686 1636 1636 1641 1641 1691 1691 1711 1711 1731 1731 1826 1826 1886 1886 1911 1911 2076 2076 2251 2251 0 0 0 0 0 0 0 0 0 0 0 0
0 0 0 0 0 0 0 0 0 0 2326 2326 2131 2131 1956 1956 1781 1781 1761 1761 1756 1756 1666 1666 1736 1736 1656 1656 1571 1741 1741 1676 1676 1671 1671 1576 1681 1681 1746 1606 1751 1686 1686 1636 1786 1641 1791 1691 1796 1711 1801 1731 1806 1826 1856 1886 1891 1911 1941 2076 2081 2251 2256 0 0 0 0 0 0 0 0 0 0 0 0
0 0 0 0 0 0 0 0 0 0 2326 2321 2131 2126 1956 1951 1951 1781 1781 1831 1831 1756 1756 1836 1836 1736 1736 1861 1866 1866 1741 1741 1846 1846 1841 1841 1681 1746 1746 1751 1751 1686 1851 1786 1786 1791 1791 1796 1796 1801 1801 1806 1806 1856 1856 1891 1891 1941 1941 2081 2081 2256 2256 0 0 0 0 0 0 0 0 0 0 0 0
0 0 0 0 0 0 0 0 0 0 2321 2321 2126 2126 1986 1986 1951 1951 1946 1946 1831 1831 1916 1916 1836 1836 1861 1861 1921 1866 1866 1926 1926 1846 1846 1841 1841 1746 1936 1751 1931 1851 1851 1786 1996 1791 2001 1796 2006 1801 2011 1806 2016 1856 2021 1891 2026 1941 2036 2081 2111 2256 2261 0 0 0 0 0 0 0 0 0 0 0 0
0 0 0 0 0 0 0 0 0 0 2321 2316 2126 2121 2121 1986 1986 1991 1991 1946 1946 1976 1976 1916 1916 1981 1861 1921 1921 2041 2046 2046 1926 1926 2051 0 2056 1936 1936 1931 1931 1851 2031 1996 1996 2001 2001 2006 2006 2011 2011 2016 2016 2021 2021 2026 2026 2036 2036 2111 2111 2261 2261 0 0 0 0 0 0 0 0 0 0 0 0
0 0 0 0 0 0 0 0 0 0 2316 2316 2176 2176 2121 2121 2116 2116 1991 1991 2086 2086 1976 1976 1981 1981 2091 1921 2041 2041 2096 2046 2046 2051 2051 2056 2056 1936 2106 1931 2101 2031 2031 1996 2186 2001 2191 2006 2196 2011 2201 2016 2206 2021 2211 2026 2216 2036 2221 2111 2231 2261 2301 0 0 0 0 0 0 0 0 0 0 0 0
0 0 0 0 0 0 0 0 0 0 2316 2311 2311 2176 2176 2181 2181 2116 2116 2151 2151 2086 2086 2156 1981 2091 2091 2161 2041 2096 2096 2166 2166 2051 0 2056 2171 2106 2106 2101 2101 2031 2226 2186 2186 2191 2191 2196 2196 2201 2201 2206 2206 2211 2211 2216 2216 2221 2221 2231 2231 2301 2301 0 0 0 0 0 0 0 0 0 0 0 0
0 0 0 0 0 0 0 0 0 0 0 0 2311 2311 2306 2306 2181 2181 2266 2266 2151 2151 2156 2156 2271 2091 2161 2161 2276 2096 2281 2281 2166 2166 2286 2171 2171 2106 2296 2101 2291 2226 2226 2186 0 2191 0 2196 0 2201 0 2206 0 2211 0 2216 0 2221 0 2231 0 2301 0 0 0 0 0 0 0 0 0 0 0 0 0
0 0 0 0 0 0 0 0 0 0 0 0 0 0 0 2306 2306 2346 2346 2266 2266 2351 2156 2271 2271 2356 2161 2276 2276 2361 2361 2281 2281 2286 2286 2171 0 2296 2296 2291 2291 2226 0 0 0 0 0 0 0 0 0 0 0 0 0 0 0 0 0 0 0 0 0 0 0 0 0 0 0 0 0 0 0 0 0
0 0 0 0 0 0 0 0 0 0 0 0 0 0 0 0 0 0 2346 2346 2351 2351 0 2271 2356 2356 0 2276 0 0 2361 2361 0 2286 0 0 0 2296 0 2291 0 0 0 0 0 0 0 0 0 0 0 0 0 0 0 0 0 0 0 0 0 0 0 0 0 0 0 0 0 0 0 0 0 0 0
0 0 0 0 0 0 0 0 0 0 0 0 0 0 0 0 0 0 0 0 2351 0 0 0 2356 0 0 0 0 0 0 0 0 0 0 0 0 0 0 0 0 0 0 0 0 0 0 0 0 0 0 0 0 0 0 0 0 0 0 0 0 0 0 0 0 0 0 0 0 0 0 0 0 0 0
0 0 0 0 0 0 0 0 0 0 0 0 0 0 0 0 0 0 0 0 0 0 0 0 0 0 0 0 0 0 0 0 0 0 0 0 0 0 0 0 0 0 0 0 0 0 0 0 0 0 0 0 0 0 0 0 0 0 0 0 0 0 0 0 0 0 0 0 0 0 0 0 0 0 0
0 0 0 0 0 0 0 0 0 0 0 0 0 0 0 0 0 0 0 0 0 0 0 0 0 0 0 0 0 0 0 0 0 0 0 0 0 0 0 0 0 0 0 0 0 0 0 0 0 0 0 0 0 0 0 0 0 0 0 0 0 0 0 0 0 0 0 0 0 0 0 0 0 0 0
0 0 0 0 0 0 0 0 0 0 0 0 0 0 0 0 0 0 0 0 0 0 0 0 0 0 0 0 0 0 0 0 0 0 0 0 0 0 0 0 0 0 0 0 0 0 0 0 0 0 0 0 0 0 0 0 0 0 0 0 0 0 0 0 0 0 0 0 0 0 0 0 0 0 0
0 0 0 0 0 0 0 0 0 0 0 0 0 0 0 0 0 0 0 0 0 0 0 0 0 0 0 0 0 0 0 0 0 0 0 0 0 0 0 0 0 0 0 0 0 0 0 0 0 0 0 0 0 0 0 0 0 0 0 0 0 0 0 0 0 0 0 0 0 0 0 0 0 0 0
0 0 0 0 0 0 0 0 0 0 0 0 0 0 0 0 0 0 0 0 0 0 0 0 0 0 0 0 0 0 0 0 0 0 0 0 0 0 0 0 0 0 0 0 0 0 0 0 0 0 0 0 0 0 0 0 0 0 0 0 0 0 0 0 0 0 0 0 0 0 0 0 0 0 0
0 0 0 0 0 0 0 0 0 0 0 0 0 0 0 0 0 0 0 0 0 0 0 0 0 0 0 0 0 0 0 0 0 0 0 0 0 0 0 0 0 0 0 0 0 0 0 0 0 0 0 0 0 0 0 0 0 0 0 0 0 0 0 0 0 0 0 0 0 0 0 0 0 0 0
0 0 0 0 0 0 0 0 0 0 0 0 0 0 0 0 0 0 0 0 0 0 0 0 0 0 0 0 0 0 0 0 0 0 0 0 0 0 0 0 0 0 0 0 0 0 0 0 0 0 0 0 0 0 0 0 0 0 0 0 0 0 0 0 0 0 0 0 0 0 0 0 0 0 0
0 0 0 0 0 0 0 0 0 0 0 0 0 0 0 0 0 0 0 0 0 0 0 0 0 0 0 0 0 0 0 0 0 0 0 0 0 0 0 0 0 0 0 0 0 0 0 0 0 0 0 0 0 0 0 0 0 0 0 0 0 0 0 0 0 0 0 0 0 0 0 0 0 0 0
0 0 0 0 0 0 0 0 0 0 0 0 0 0 0 0 0 0 0 0 0 0 0 0 0 0 0 0 0 0 0 0 0 0 0 0 0 0 0 0 0 0 0 0 0 0 0 0 0 0 0 0 0 0 0 0 0 0 0 0 0 0 0 0 0 0 0 0 0 0 0 0 0 0 0
