800904
Zlaganje

82
20 20
6004 6003 6003 6003 11 16 21 27 27 38 0 0 48 64 64 64 0 0 0 0
6004 6003 6004 6004 11 16 21 27 27 38 48 48 48 59 59 64 0 0 0 0
6004 6004 6003 6004 11 16 21 32 32 38 38 43 53 59 69 69 0 0 0 0
6003 6003 6003 6004 11 16 21 32 32 43 43 43 53 59 69 74 0 0 0 0
132 101 101 96 96 90 90 90 84 84 84 79 53 53 69 74 0 0 0 0
132 132 101 101 96 96 90 111 106 106 84 79 79 79 74 74 0 0 0 0
0 132 137 137 0 0 111 111 116 106 106 126 0 0 0 0 0 0 0 0
0 137 137 0 0 0 111 116 116 121 126 126 0 0 0 0 0 0 0 0
0 0 0 0 0 0 0 116 121 121 126 0 0 0 0 0 0 0 0 0
0 0 0 0 0 0 0 0 121 0 0 0 0 0 0 0 0 0 0 0
0 0 0 0 0 0 0 0 0 0 0 0 0 0 0 0 0 0 0 0
0 0 0 0 0 0 0 0 0 0 0 0 0 0 0 0 0 0 0 0
0 0 0 0 0 0 0 0 0 0 0 0 0 0 0 0 0 0 0 0
0 0 0 0 0 0 0 0 0 0 0 0 0 0 0 0 0 0 0 0
0 0 0 0 0 0 0 0 0 0 0 0 0 0 0 0 0 0 0 0
0 0 0 0 0 0 0 0 0 0 0 0 0 0 0 0 0 0 0 0
0 0 0 0 0 0 0 0 0 0 0 0 0 0 0 0 0 0 0 0
0 0 0 0 0 0 0 0 0 0 0 0 0 0 0 0 0 0 0 0
0 0 0 0 0 0 0 0 0 0 0 0 0 0 0 0 0 0 0 0
0 0 0 0 0 0 0 0 0 0 0 0 0 0 0 0 0 0 0 0
