800904
Zlaganje

87
27 27
7005 7005 7005 7006 7010 7010 7010 7011 7015 7015 7015 7016 7020 7020 7020 7021 8026 8026 8027 8027 31 36 0 0 0 0 0
7006 7005 7006 7006 7011 7010 7011 7011 7016 7015 7016 7016 7021 7020 7021 7021 8026 8026 8027 8027 31 36 0 0 0 0 0
7006 7006 7005 7006 7011 7011 7010 7011 7016 7016 7015 7016 7021 7021 7020 7021 8027 8027 8026 8026 31 36 99 0 0 0 0
7006 7005 7005 7005 7011 7010 7010 7010 7016 7015 7015 7015 7021 7020 7020 7020 8027 8027 8026 8026 31 36 99 0 0 0 0
42 42 47 47 52 52 57 57 63 63 63 68 73 73 73 78 83 83 83 88 94 99 99 0 0 0 0
42 42 47 47 52 52 57 57 63 68 68 68 73 78 78 78 83 88 88 88 94 104 0 0 0 0 0
156 156 150 150 150 145 145 145 135 135 135 124 119 119 119 114 109 109 109 94 94 104 0 0 0 0 0
0 156 156 150 161 161 145 0 166 135 140 124 124 124 119 114 114 114 109 130 104 104 231 0 0 0 0
0 176 176 171 171 161 161 166 166 140 140 140 191 191 186 186 181 181 130 130 130 231 231 0 0 0 0
0 0 176 176 171 171 196 166 201 211 211 206 206 191 191 186 186 181 181 236 236 231 0 0 0 0 0
0 0 0 0 0 196 196 201 201 216 211 211 206 206 256 256 251 251 246 246 236 236 0 0 0 0 0
0 0 0 0 0 196 221 201 216 216 226 266 266 261 261 256 256 251 251 246 246 0 0 0 0 0 0
0 0 0 0 0 221 221 241 216 226 226 272 266 266 261 261 287 287 292 292 0 0 0 0 0 0 0
0 0 0 0 0 221 241 241 282 226 277 272 272 0 0 287 287 292 292 0 0 0 0 0 0 0 0
0 0 0 0 0 0 241 297 282 282 277 277 272 0 0 0 0 0 0 0 0 0 0 0 0 0 0
0 0 0 0 0 0 0 297 297 282 0 277 0 0 0 0 0 0 0 0 0 0 0 0 0 0 0
0 0 0 0 0 0 0 0 297 0 0 0 0 0 0 0 0 0 0 0 0 0 0 0 0 0 0
0 0 0 0 0 0 0 0 0 0 0 0 0 0 0 0 0 0 0 0 0 0 0 0 0 0 0
0 0 0 0 0 0 0 0 0 0 0 0 0 0 0 0 0 0 0 0 0 0 0 0 0 0 0
0 0 0 0 0 0 0 0 0 0 0 0 0 0 0 0 0 0 0 0 0 0 0 0 0 0 0
0 0 0 0 0 0 0 0 0 0 0 0 0 0 0 0 0 0 0 0 0 0 0 0 0 0 0
0 0 0 0 0 0 0 0 0 0 0 0 0 0 0 0 0 0 0 0 0 0 0 0 0 0 0
0 0 0 0 0 0 0 0 0 0 0 0 0 0 0 0 0 0 0 0 0 0 0 0 0 0 0
0 0 0 0 0 0 0 0 0 0 0 0 0 0 0 0 0 0 0 0 0 0 0 0 0 0 0
0 0 0 0 0 0 0 0 0 0 0 0 0 0 0 0 0 0 0 0 0 0 0 0 0 0 0
0 0 0 0 0 0 0 0 0 0 0 0 0 0 0 0 0 0 0 0 0 0 0 0 0 0 0
0 0 0 0 0 0 0 0 0 0 0 0 0 0 0 0 0 0 0 0 0 0 0 0 0 0 0
