800904
Zlaganje

9
53 53
4002 4002 4002 4002 4007 4007 4007 4007 4022 4022 4022 4022 4032 4032 4032 4032 4042 4042 4042 4042 4052 4052 4052 4052 4062 4062 4062 4062 4072 4072 4072 4072 4082 4082 4082 4082 4092 4092 4092 4092 4102 4102 4102 4102 5114 5114 5114 5115 0 0 0 0 0
4003 4003 4003 4003 4008 4008 4008 4008 4023 4023 4023 4023 4033 4033 4033 4033 4043 4043 4043 4043 4053 4053 4053 4053 4063 4063 4063 4063 4073 4073 4073 4073 4083 4083 4083 4083 4093 4093 4093 4093 4103 4103 4103 4103 5115 5115 5114 5115 0 0 0 0 0
4002 4002 4002 4002 4007 4007 4007 4007 4022 4022 4022 4022 4032 4032 4032 4032 4042 4042 4042 4042 4052 4052 4052 4052 4062 4062 4062 4062 4072 4072 4072 4072 4082 4082 4082 4082 4092 4092 4092 4092 4102 4102 4102 4102 5115 5114 5115 5115 0 0 0 0 0
4003 4003 4003 4003 4008 4008 4008 4008 4023 4023 4023 4023 4033 4033 4033 4033 4043 4043 4043 4043 4053 4053 4053 4053 4063 4063 4063 4063 4073 4073 4073 4073 4083 4083 4083 4083 4093 4093 4093 4093 4103 4103 4103 4103 5115 5114 5114 5114 0 0 0 0 0
4012 4012 4012 4012 4017 4017 4017 4017 4027 4027 4027 4027 4037 4037 4037 4037 4047 4047 4047 4047 4057 4057 4057 4057 4067 4067 4067 4067 4077 4077 4077 4077 4087 4087 4087 4087 4097 4097 4097 4097 5109 5109 5109 5110 5119 5119 5119 5120 0 0 0 0 0
4013 4013 4013 4013 4018 4018 4018 4018 4028 4028 4028 4028 4038 4038 4038 4038 4048 4048 4048 4048 4058 4058 4058 4058 4068 4068 4068 4068 4078 4078 4078 4078 4088 4088 4088 4088 4098 4098 4098 4098 5110 5110 5109 5110 5120 5120 5119 5120 0 0 0 0 0
4012 4012 4012 4012 4017 4017 4017 4017 4027 4027 4027 4027 4037 4037 4037 4037 4047 4047 4047 4047 4057 4057 4057 4057 4067 4067 4067 4067 4077 4077 4077 4077 4087 4087 4087 4087 4097 4097 4097 4097 5110 5109 5110 5110 5120 5119 5120 5120 0 0 0 0 0
4013 4013 4013 4013 4018 4018 4018 4018 4028 4028 4028 4028 4038 4038 4038 4038 4048 4048 4048 4048 4058 4058 4058 4058 4068 4068 4068 4068 4078 4078 4078 4078 4088 4088 4088 4088 4098 4098 4098 4098 5110 5109 5109 5109 5120 5119 5119 5119 0 0 0 0 0
5124 5124 5124 5125 5129 5129 5129 5130 5134 5134 5134 5135 5139 5139 5139 5140 5144 5144 5144 5145 5149 5149 5149 5150 5154 5154 5154 5155 5159 5159 5159 5160 5164 5164 5164 5165 5169 5169 5169 5170 5174 5174 5174 5175 5179 5179 5179 5180 0 0 0 0 0
5125 5125 5124 5125 5130 5130 5129 5130 5135 5135 5134 5135 5140 5140 5139 5140 5145 5145 5144 5145 5150 5150 5149 5150 5155 5155 5154 5155 5160 5160 5159 5160 5165 5165 5164 5165 5170 5170 5169 5170 5175 5175 5174 5175 5180 5180 5179 5180 0 0 0 0 0
5125 5124 5125 5125 5130 5129 5130 5130 5135 5134 5135 5135 5140 5139 5140 5140 5145 5144 5145 5145 5150 5149 5150 5150 5155 5154 5155 5155 5160 5159 5160 5160 5165 5164 5165 5165 5170 5169 5170 5170 5175 5174 5175 5175 5180 5179 5180 5180 0 0 0 0 0
5125 5124 5124 5124 5130 5129 5129 5129 5135 5134 5134 5134 5140 5139 5139 5139 5145 5144 5144 5144 5150 5149 5149 5149 5155 5154 5154 5154 5160 5159 5159 5159 5165 5164 5164 5164 5170 5169 5169 5169 5175 5174 5174 5174 5180 5179 5179 5179 291 0 0 0 0
5184 5184 5184 5185 5189 5189 5189 5190 5194 5194 5194 5195 8201 8201 8202 8202 206 206 206 206 211 211 211 211 216 216 216 216 221 221 221 221 226 226 226 226 231 231 231 231 259 259 259 264 269 269 286 291 291 0 0 0 0
5185 5185 5184 5185 5190 5190 5189 5190 5195 5195 5194 5195 8201 8201 8202 8202 237 237 242 242 247 247 252 252 296 296 301 301 306 306 311 311 316 316 321 321 0 0 279 274 274 274 259 264 269 286 286 291 336 0 0 0 0
5185 5184 5185 5185 5190 5189 5190 5190 5195 5194 5195 5195 8202 8202 8201 8201 237 237 242 242 247 247 252 252 326 296 296 301 301 306 306 311 311 316 316 321 321 346 279 279 279 274 264 264 269 286 341 336 336 0 0 0 0
5185 5184 5184 5184 5190 5189 5189 5189 5195 5194 5194 5194 8202 8202 8201 8201 356 361 361 366 366 0 0 326 326 331 396 396 401 401 406 406 411 411 0 0 346 346 351 0 511 521 521 0 0 341 341 336 546 0 0 0 0
951 951 946 946 0 0 0 921 0 0 0 0 601 0 386 356 356 371 361 361 366 366 0 326 331 331 416 396 396 401 401 406 406 411 411 0 346 351 351 511 511 516 521 521 531 341 541 546 546 0 0 0 0
0 951 951 946 946 936 921 921 926 926 0 601 601 386 386 356 371 371 376 0 426 426 421 421 331 416 416 431 461 461 466 466 471 471 476 476 0 351 481 511 516 516 526 531 531 541 541 546 566 0 0 0 0
0 0 966 0 936 936 921 916 916 926 926 601 596 386 381 381 371 376 376 436 436 426 426 421 421 416 431 431 456 461 461 466 466 471 471 476 476 481 481 506 516 526 526 531 551 541 561 566 566 0 0 0 0
0 966 966 961 936 931 911 911 916 916 0 596 596 391 391 381 381 376 441 441 436 436 446 0 451 451 431 456 456 486 0 501 501 496 496 491 491 481 506 506 536 526 556 551 551 561 561 566 651 0 0 0 0
0 966 961 961 931 931 906 911 911 736 736 596 586 586 391 391 576 571 571 441 441 446 446 606 606 451 451 456 486 486 626 0 501 501 496 496 491 491 506 536 536 556 556 551 631 561 646 651 651 0 0 0 0
0 0 961 956 931 906 906 766 741 741 736 736 731 586 586 576 576 581 571 571 656 446 611 611 606 606 616 616 486 626 626 0 0 0 0 0 0 0 0 536 641 556 636 631 631 646 646 651 706 0 0 0 0
0 976 956 956 941 906 766 766 761 741 741 731 731 591 591 576 581 581 661 656 656 666 666 611 611 621 621 616 616 626 716 0 0 0 0 0 0 0 0 641 641 636 636 631 686 646 701 706 706 0 0 0 0
976 976 956 941 941 901 766 761 761 746 746 731 726 726 591 591 581 661 661 656 671 671 666 666 676 676 621 621 711 716 716 0 0 0 0 0 0 0 0 641 696 636 691 686 686 701 701 706 806 0 0 0 0
976 971 971 941 901 901 891 761 756 756 746 746 751 726 726 721 721 661 0 771 771 671 671 681 681 676 676 711 711 716 861 0 0 0 0 0 0 0 0 696 696 691 691 686 786 701 801 806 806 0 0 0 0
981 981 971 971 901 891 891 811 811 756 756 751 751 816 821 821 721 721 831 831 771 771 776 776 681 681 781 711 856 861 861 0 0 0 0 0 0 0 0 696 796 691 791 786 786 801 801 806 1061 0 0 0 0
0 981 981 986 986 891 886 886 811 811 871 751 816 816 826 821 821 836 836 831 831 841 841 776 776 781 781 856 856 861 1076 0 0 0 0 0 0 0 0 796 796 791 791 786 1041 801 1056 1061 1061 0 0 0 0
1066 1066 996 996 986 986 991 886 886 871 871 876 816 826 826 1016 1021 1021 836 836 846 846 841 841 851 781 866 856 1071 1076 1076 0 0 0 0 0 0 0 0 796 1051 791 1046 1041 1041 1056 1056 1061 1101 0 0 0 0
0 1066 1066 996 996 991 991 896 896 871 876 876 881 826 1016 1016 1026 1021 1021 1031 1031 846 846 851 851 866 866 1071 1071 1076 1191 0 0 0 0 0 0 0 0 1051 1051 1046 1046 1041 1081 1056 1096 1101 1101 0 0 0 0
0 1111 1111 1106 1106 991 1001 1001 896 896 876 881 881 1011 1016 1026 1026 1116 1121 1121 1031 1031 1126 851 1131 866 1136 1071 1186 1191 1191 0 0 0 0 0 0 0 0 1051 1091 1046 1086 1081 1081 1096 1096 1101 1231 0 0 0 0
0 1451 1111 1111 1106 1106 1196 1001 1001 1006 1006 881 1011 1011 1036 1026 1116 1116 1141 1121 1121 1126 1126 1131 1131 1136 1136 1186 1186 1191 1261 0 0 0 0 0 0 0 0 1091 1091 1086 1086 1081 1211 1096 1226 1231 1231 0 0 0 0
1451 1451 1446 0 1296 1196 1196 1201 1161 1161 1006 1006 1011 1036 1036 1146 1116 1141 1141 1151 1151 1126 0 1131 1236 1136 1241 1186 1256 1261 1261 0 0 0 0 0 0 0 0 1091 1221 1086 1216 1211 1211 1226 1226 1231 1286 0 0 0 0
1451 1446 1446 1296 1296 1196 1201 1201 1206 1161 1161 1156 1156 1036 1146 1146 1166 1141 1171 1171 1151 1151 1246 1236 1236 1241 1241 1256 1256 1261 1351 0 0 0 0 0 0 0 0 1221 1221 1216 1216 1211 1266 1226 1281 1286 1286 0 0 0 0
0 1446 1441 1296 1291 1291 1201 1206 1206 1301 1306 1306 1156 1156 1146 1166 1166 1176 1176 1171 1171 1246 1246 1236 1331 1241 1341 1256 1346 1351 1351 0 0 0 0 0 0 0 0 1221 1276 1216 1271 1266 1266 1281 1281 1286 1376 0 0 0 0
0 1441 1441 1326 1326 1291 1291 1206 1301 1301 1311 1306 1306 1316 1316 1166 1181 1181 1176 1176 1251 1246 1336 1331 1331 1341 1341 1346 1346 1351 1491 0 0 0 0 0 0 0 0 1276 1276 1271 1271 1266 1356 1281 1371 1376 1376 0 0 0 0
0 1441 1436 1436 1326 1326 1321 1321 1301 1311 1311 1381 1386 1386 1316 1316 1391 1181 1181 1251 1251 1336 1336 1331 1456 1341 1461 1346 1486 1491 1491 0 0 0 0 0 0 0 0 1276 1366 1271 1361 1356 1356 1371 1371 1376 1531 0 0 0 0
0 1496 1496 1436 1436 1411 1411 1321 1321 1311 1381 1381 1396 1386 1386 1391 1391 1401 1401 1251 0 1336 1466 1456 1456 1461 1461 1486 1486 1491 1556 0 0 0 0 0 0 0 0 1366 1366 1361 1361 1356 1511 1371 1526 1531 1531 0 0 0 0
1571 1571 1496 1496 1501 1501 1411 1411 1406 1406 1381 1396 1396 1416 1416 1391 1421 1421 1401 1401 1471 1466 1466 1456 1536 1461 1541 1486 1551 1556 1556 0 0 0 0 0 0 0 0 1366 1521 1361 1516 1511 1511 1526 1526 1531 1596 0 0 0 0
0 1571 1571 1561 1561 1501 1501 1506 1506 1406 1406 1396 1426 1426 1416 1416 1431 1421 1421 1471 1471 1466 1546 1536 1536 1541 1541 1551 1551 1556 1656 0 0 0 0 0 0 0 0 1521 1521 1516 1516 1511 1576 1526 1591 1596 1596 0 0 0 0
1611 1611 1601 1601 1561 1561 1566 1566 1506 1506 1616 1621 1621 1426 1426 1431 1431 1476 1476 1471 0 1546 1546 1536 1631 1541 1636 1551 1651 1656 1656 0 0 0 0 0 0 0 0 1521 1586 1516 1581 1576 1576 1591 1591 1596 1711 0 0 0 0
0 1611 1611 1601 1601 1606 1606 1566 1566 1616 1616 1626 1621 1621 1661 1431 1481 1481 1476 1476 1646 1546 1641 1631 1631 1636 1636 1651 1651 1656 0 0 0 0 0 0 0 0 0 1586 1586 1581 1581 1576 1691 1591 1706 1711 1711 0 0 0 0
0 0 1721 1721 1716 1716 1606 1606 1726 1616 1626 1626 1666 1661 1661 1671 1671 1481 1481 1646 1646 1641 1641 1631 0 1636 0 1651 0 0 0 0 0 0 0 0 0 0 0 1586 1701 1581 1696 1691 1691 1706 1706 1711 0 0 0 0 0
0 0 0 1721 1721 1716 1716 1726 1726 1731 1626 1666 1666 1661 1676 1676 1671 1671 1681 1646 1686 1641 0 0 0 0 0 0 0 0 0 0 0 0 0 0 0 0 0 1701 1701 1696 1696 1691 0 1706 0 0 0 0 0 0 0
0 0 0 1741 1741 1736 1736 1726 1731 1731 1746 1666 0 0 0 1676 1676 1681 1681 1686 1686 0 0 0 0 0 0 0 0 0 0 0 0 0 0 0 0 0 0 1701 0 1696 0 0 0 0 0 0 0 0 0 0 0
0 0 0 0 1741 1741 1736 1736 1731 1746 1746 0 0 0 0 0 0 1681 0 1686 0 0 0 0 0 0 0 0 0 0 0 0 0 0 0 0 0 0 0 0 0 0 0 0 0 0 0 0 0 0 0 0 0
0 0 0 0 0 0 0 0 0 1746 0 0 0 0 0 0 0 0 0 0 0 0 0 0 0 0 0 0 0 0 0 0 0 0 0 0 0 0 0 0 0 0 0 0 0 0 0 0 0 0 0 0 0
0 0 0 0 0 0 0 0 0 0 0 0 0 0 0 0 0 0 0 0 0 0 0 0 0 0 0 0 0 0 0 0 0 0 0 0 0 0 0 0 0 0 0 0 0 0 0 0 0 0 0 0 0
0 0 0 0 0 0 0 0 0 0 0 0 0 0 0 0 0 0 0 0 0 0 0 0 0 0 0 0 0 0 0 0 0 0 0 0 0 0 0 0 0 0 0 0 0 0 0 0 0 0 0 0 0
0 0 0 0 0 0 0 0 0 0 0 0 0 0 0 0 0 0 0 0 0 0 0 0 0 0 0 0 0 0 0 0 0 0 0 0 0 0 0 0 0 0 0 0 0 0 0 0 0 0 0 0 0
0 0 0 0 0 0 0 0 0 0 0 0 0 0 0 0 0 0 0 0 0 0 0 0 0 0 0 0 0 0 0 0 0 0 0 0 0 0 0 0 0 0 0 0 0 0 0 0 0 0 0 0 0
0 0 0 0 0 0 0 0 0 0 0 0 0 0 0 0 0 0 0 0 0 0 0 0 0 0 0 0 0 0 0 0 0 0 0 0 0 0 0 0 0 0 0 0 0 0 0 0 0 0 0 0 0
0 0 0 0 0 0 0 0 0 0 0 0 0 0 0 0 0 0 0 0 0 0 0 0 0 0 0 0 0 0 0 0 0 0 0 0 0 0 0 0 0 0 0 0 0 0 0 0 0 0 0 0 0
0 0 0 0 0 0 0 0 0 0 0 0 0 0 0 0 0 0 0 0 0 0 0 0 0 0 0 0 0 0 0 0 0 0 0 0 0 0 0 0 0 0 0 0 0 0 0 0 0 0 0 0 0
