800904
Zlaganje

95
21 21
6 6 6 6 17 17 22 22 27 27 32 32 68 0 0 78 84 0 0 0 0
11 11 11 11 17 17 22 22 27 27 32 32 68 78 78 78 84 0 0 0 0
37 37 42 42 48 48 48 53 58 58 58 63 68 68 73 84 84 0 0 0 0
37 37 42 42 48 53 53 53 58 63 63 63 73 73 73 89 89 89 0 0 0
167 125 125 125 120 120 120 110 110 110 104 104 104 99 94 94 94 89 0 0 0
167 167 125 131 131 120 136 136 110 115 115 115 104 99 99 99 94 0 0 0 0
0 167 141 141 131 131 146 136 136 151 115 172 172 177 177 182 182 0 0 0 0
0 0 0 141 141 146 146 156 151 151 172 172 177 177 182 182 0 0 0 0 0
0 0 0 161 161 146 156 156 151 0 0 0 0 0 0 0 0 0 0 0 0
0 0 0 0 161 161 156 0 0 0 0 0 0 0 0 0 0 0 0 0 0
0 0 0 0 0 0 0 0 0 0 0 0 0 0 0 0 0 0 0 0 0
0 0 0 0 0 0 0 0 0 0 0 0 0 0 0 0 0 0 0 0 0
0 0 0 0 0 0 0 0 0 0 0 0 0 0 0 0 0 0 0 0 0
0 0 0 0 0 0 0 0 0 0 0 0 0 0 0 0 0 0 0 0 0
0 0 0 0 0 0 0 0 0 0 0 0 0 0 0 0 0 0 0 0 0
0 0 0 0 0 0 0 0 0 0 0 0 0 0 0 0 0 0 0 0 0
0 0 0 0 0 0 0 0 0 0 0 0 0 0 0 0 0 0 0 0 0
0 0 0 0 0 0 0 0 0 0 0 0 0 0 0 0 0 0 0 0 0
0 0 0 0 0 0 0 0 0 0 0 0 0 0 0 0 0 0 0 0 0
0 0 0 0 0 0 0 0 0 0 0 0 0 0 0 0 0 0 0 0 0
0 0 0 0 0 0 0 0 0 0 0 0 0 0 0 0 0 0 0 0 0
